Date,Open,High,Low,Close,Volume,Dividends,Stock Splits
2013-01-31,18.781532287597656,18.95945930480957,18.7750244140625,18.911161422729492,65302632,0,0.0
2013-02-01,18.973974227905273,19.43443489074707,18.971471786499023,19.409408569335938,149694156,0,0.0
2013-02-04,19.21146011352539,19.281030654907227,18.975725173950195,18.99449348449707,121498380,0,0.0
2013-02-05,19.04729652404785,19.297046661376953,19.005756378173828,19.162662506103516,74753172,0,0.0
2013-02-06,18.995746612548828,19.34334373474121,18.981481552124023,19.273523330688477,83040876,0,0.0
2013-02-07,19.261762619018555,19.4897403717041,19.15665626525879,19.368118286132812,113494392,0,0.0
2013-02-08,19.52277374267578,19.68643569946289,19.508508682250977,19.65390396118164,120683196,0,0.0
2013-02-11,19.47947883605957,19.594594955444336,19.363113403320312,19.580080032348633,86625288,0,0.0
2013-02-12,19.563312530517578,19.71721649169922,19.503753662109375,19.537036895751953,74285640,0,0.0
2013-02-13,19.52277374267578,19.65340232849121,19.518768310546875,19.59109115600586,47880072,0,0.0
2013-02-14,19.51276206970215,19.738237380981445,19.463714599609375,19.7152156829834,69342588,0,0.0
2013-02-15,19.70470428466797,19.851350784301758,19.69644546508789,19.842092514038086,109082808,0,0.0
2013-02-19,19.91967010498047,20.195194244384766,19.901901245117188,20.19144058227539,117154728,0,0.0
2013-02-20,20.152652740478516,20.24449348449707,19.814565658569336,19.831331253051758,110457432,0,0.0
2013-02-21,19.969970703125,20.15640640258789,19.80030059814453,19.908157348632812,140115744,0,0.0
2013-02-22,20.001501083374023,20.051300048828125,19.864864349365234,20.01276206970215,82073844,0,0.0
2013-02-25,20.077577590942383,20.230480194091797,19.782032012939453,19.789039611816406,92063844,0,0.0
2013-02-26,19.894895553588867,19.918668746948242,19.629629135131836,19.77302360534668,88011900,0,0.0
2013-02-27,19.889890670776367,20.13888931274414,19.797548294067383,20.014514923095703,80962956,0,0.0
2013-02-28,20.047548294067383,20.194944381713867,20.045795440673828,20.050050735473633,90541368,0,0.0
2013-03-01,19.9649658203125,20.198699951171875,19.923673629760742,20.174924850463867,86928984,0,0.0
2013-03-04,20.152652740478516,20.59159278869629,20.145145416259766,20.55805778503418,110912976,0,0.0
2013-03-05,20.743993759155273,21.0247745513916,20.743242263793945,20.985986709594727,161602236,0,0.0
2013-03-06,21.046796798706055,21.12112045288086,20.740991592407227,20.80530548095703,114805080,0,0.0
2013-03-07,20.872371673583984,20.93643569946289,20.7602596282959,20.83583641052246,82025892,0,0.0
2013-03-08,20.88338279724121,20.89389419555664,20.646896362304688,20.808809280395508,116359524,0,0.0
2013-03-11,20.81306266784668,21.013513565063477,20.808307647705078,20.89139175415039,63724212,0,0.0
2013-03-12,20.78853988647461,20.81806755065918,20.612361907958984,20.710960388183594,80251668,0,0.0
2013-03-13,20.718217849731445,20.78803825378418,20.578327178955078,20.65340232849121,65586348,0,0.0
2013-03-14,20.695444107055664,20.695444107055664,20.4552059173584,20.559059143066406,65981952,0,0.0
2013-03-15,20.482982635498047,20.52802848815918,20.353853225708008,20.377878189086914,123864012,0,0.0
2013-03-18,20.145145416259766,20.339338302612305,20.056806564331055,20.2149658203125,73458468,0,0.0
2013-03-19,20.301300048828125,20.501752853393555,20.18143081665039,20.303302764892578,83844072,0,0.0
2013-03-20,20.441190719604492,20.458208084106445,20.306306838989258,20.388137817382812,58493448,0,0.0
2013-03-21,20.302553176879883,20.443443298339844,20.266517639160156,20.301801681518555,59044896,0,0.0
2013-03-22,20.38888931274414,20.40140151977539,20.261260986328125,20.27802848815918,59468472,0,0.0
2013-03-25,20.330581665039062,20.501251220703125,20.190690994262695,20.261260986328125,68411520,0,0.0
2013-03-26,20.357858657836914,20.370370864868164,20.2149658203125,20.33083152770996,47628324,0,0.0
2013-03-27,20.18718719482422,20.195194244384766,20.053302764892578,20.08658790588379,86441472,0,0.0
2013-03-28,20.119869232177734,20.154403686523438,19.852352142333984,19.874624252319336,91420488,0,0.0
2013-04-01,19.895145416259766,20.076326370239258,19.85110092163086,20.049800872802734,72219708,0,0.0
2013-04-02,20.133634567260742,20.391141891479492,20.120119094848633,20.346345901489258,81578340,0,0.0
2013-04-03,20.356857299804688,20.375375747680664,20.036787033081055,20.175174713134766,69470460,0,0.0
2013-04-04,20.126375198364258,20.16391372680664,19.80230140686035,19.89664649963379,97806096,0,0.0
2013-04-05,19.671171188354492,19.69444465637207,19.429428100585938,19.59584617614746,137218644,0,0.0
2013-04-08,19.488237380981445,19.508258819580078,19.229228973388672,19.390640258789062,113170716,0,0.0
2013-04-09,19.406906127929688,19.61336326599121,19.347097396850586,19.460710525512695,86205708,0,0.0
2013-04-10,19.592592239379883,19.82857894897461,19.419418334960938,19.774274826049805,79064856,0,0.0
2013-04-11,19.841842651367188,19.847347259521484,19.62112045288086,19.779529571533203,81066852,0,0.0
2013-04-12,19.819570541381836,19.822322845458984,19.59284210205078,19.771020889282227,65402532,0,0.0
2013-04-15,19.668418884277344,19.944944381713867,19.444944381713867,19.56781768798828,98025876,0,0.0
2013-04-16,19.68443489074707,19.919919967651367,19.617618560791016,19.854103088378906,69610320,0,0.0
2013-04-17,19.688438415527344,19.790790557861328,19.47197151184082,19.58358383178711,81398520,0,0.0
2013-04-18,19.65340232849121,19.66466522216797,19.05055046081543,19.16691780090332,132767100,0,0.0
2013-04-19,19.248247146606445,20.10610580444336,19.175676345825195,20.016767501831055,231895872,0,0.0
2013-04-22,20.0350341796875,20.11911964416504,19.394393920898438,20.02277374267578,115220664,0,0.0
2013-04-23,20.045045852661133,20.407907485961914,20.029029846191406,20.21771812438965,91600308,0,0.0
2013-04-24,20.222972869873047,20.470470428466797,20.2202205657959,20.35660743713379,73090836,0,0.0
2013-04-25,20.426677703857422,20.43218231201172,20.210960388183594,20.24774742126465,79608312,0,0.0
2013-04-26,20.2102108001709,20.213714599609375,19.93443489074707,20.05555534362793,99408492,0,0.0
2013-04-29,20.101350784301758,20.58808708190918,20.095094680786133,20.496997833251953,91939968,0,0.0
2013-04-30,20.495494842529297,20.711711883544922,20.462461471557617,20.634885787963867,92175732,0,0.0
2013-05-01,20.602102279663086,20.638639450073242,20.429428100585938,20.531280517578125,58141800,0,0.0
2013-05-02,20.52302360534668,20.88463592529297,20.496746063232422,20.761011123657227,80651268,0,0.0
2013-05-03,20.944944381713867,21.191190719604492,20.920921325683594,21.16416358947754,100403496,0,0.0
2013-05-06,21.22772789001465,21.56781768798828,21.22772789001465,21.56031036376953,85566348,0,0.0
2013-05-07,21.596847534179688,21.61836814880371,21.28803825378418,21.45220184326172,78281640,0,0.0
2013-05-08,21.44644546508789,21.86886978149414,21.344093322753906,21.862613677978516,98633268,0,0.0
2013-05-09,21.79279327392578,22.013513565063477,21.727476119995117,21.808809280395508,87935976,0,0.0
2013-05-10,21.90465545654297,22.03553581237793,21.82582664489746,22.02777862548828,75832092,0,0.0
2013-05-13,21.994243621826172,22.083833694458008,21.856355667114258,21.9602108001709,57882060,0,0.0
2013-05-14,21.95945930480957,22.23948860168457,21.950450897216797,22.19969940185547,63108828,0,0.0
2013-05-15,22.409910202026367,22.932432174682617,22.372873306274414,22.920169830322266,159276564,0,0.0
2013-05-16,22.997997283935547,23.022523880004883,22.57282257080078,22.619369506835938,128255616,0,0.0
2013-05-17,22.773273468017578,22.860109329223633,22.53553581237793,22.75225257873535,111568320,0,0.0
2013-05-20,22.647647857666016,23.03803825378418,22.647647857666016,22.735986709594727,90817092,0,0.0
2013-05-21,22.723222732543945,22.814313888549805,22.46271324157715,22.69694709777832,79240680,0,0.0
2013-05-22,22.58658790588379,22.75550651550293,22.194194793701172,22.25775718688965,102321576,0,0.0
2013-05-23,21.94694709777832,22.271270751953125,21.871871948242188,22.091842651367188,90912996,0,0.0
2013-05-24,21.90340232849121,21.99249267578125,21.797046661376953,21.854854583740234,91780128,0,0.0
2013-05-28,22.109609603881836,22.32582664489746,22.032032012939453,22.053804397583008,90209700,0,0.0
2013-05-29,21.91466522216797,21.971721649169922,21.62887954711914,21.72947883605957,80455464,0,0.0
2013-05-30,21.7697696685791,21.99449348449707,21.68193244934082,21.790790557861328,84743172,0,0.0
2013-05-31,21.7247257232666,21.94694709777832,21.70970916748047,21.80230140686035,78697224,0,0.0
2013-06-03,21.846847534179688,21.87112045288086,21.396896362304688,21.712461471557617,98928972,0,0.0
2013-06-04,21.717967987060547,21.786537170410156,21.373123168945312,21.498998641967773,74669256,0,0.0
2013-06-05,21.584333419799805,21.758007049560547,21.44969940185547,21.514013290405273,84187728,0,0.0
2013-06-06,21.62912940979004,21.679929733276367,21.201702117919922,21.637638092041016,103060836,0,0.0
2013-06-07,21.78228187561035,22.022022247314453,21.65465545654297,22.0152645111084,106877016,0,0.0
2013-06-10,22.074575424194336,22.29729652404785,22.024274826049805,22.27777862548828,93418488,0,0.0
2013-06-11,22.121370315551758,22.19719696044922,22.010009765625,22.01726722717285,70233696,0,0.0
2013-06-12,22.158658981323242,22.17217254638672,21.76301383972168,21.821321487426758,88103808,0,0.0
2013-06-13,21.746246337890625,22.013513565063477,21.65915870666504,21.94694709777832,82713204,0,0.0
2013-06-14,22.024524688720703,22.13964080810547,21.875125885009766,21.897897720336914,89710200,0,0.0
2013-06-17,22.00275230407715,22.258007049560547,21.978979110717773,22.178428649902344,85766148,0,0.0
2013-06-18,22.238487243652344,22.547548294067383,22.230981826782227,22.53803825378418,86589324,0,0.0
2013-06-19,22.556806564331055,22.793794631958008,22.4599609375,22.539539337158203,116519364,0,0.0
2013-06-20,22.372121810913086,22.547548294067383,22.104854583740234,22.140640258789062,134745120,0,0.0
2013-06-21,22.230730056762695,22.269269943237305,21.84859848022461,22.04529571533203,159132708,0,0.0
2013-06-24,21.818819046020508,21.929929733276367,21.602853775024414,21.766517639160156,120555324,0,0.0
2013-06-25,21.953453063964844,22.014013290405273,21.634384155273438,21.676677703857422,102025872,0,0.0
2013-06-26,21.865615844726562,21.97197151184082,21.786035537719727,21.863113403320312,73182744,0,0.0
2013-06-27,21.991992950439453,22.139389038085938,21.938188552856445,21.948699951171875,76982940,0,0.0
2013-06-28,21.894393920898438,22.06806755065918,21.87662696838379,22.031280517578125,93878028,0,0.0
2013-07-01,22.183433532714844,22.324323654174805,22.147146224975586,22.219219207763672,68923008,0,0.0
2013-07-02,22.27727699279785,22.29729652404785,21.953704833984375,22.079830169677734,75584340,0,0.0
2013-07-03,22.019519805908203,22.251501083374023,21.98448371887207,22.182933807373047,41838120,0,0.0
2013-07-05,22.272523880004883,22.407657623291016,22.205705642700195,22.359609603881836,68007924,0,0.0
2013-07-08,22.50275230407715,22.679428100585938,22.44944953918457,22.649900436401367,78701220,0,0.0
2013-07-09,22.79779815673828,22.84659767150879,22.47197151184082,22.653654098510742,79096824,0,0.0
2013-07-10,22.608858108520508,22.801300048828125,22.532032012939453,22.672422409057617,68267664,0,0.0
2013-07-11,22.847848892211914,23.043292999267578,22.735736846923828,23.029029846191406,103264632,0,0.0
2013-07-12,23.02302360534668,23.098098754882812,22.90390396118164,23.098098754882812,102625272,0,0.0
2013-07-15,23.130630493164062,23.223222732543945,22.93193244934082,23.140390396118164,78341580,0,0.0
2013-07-16,23.20145034790039,23.222471237182617,22.870370864868164,23.013263702392578,79240680,0,0.0
2013-07-17,23.04804801940918,23.19469451904297,22.930429458618164,22.986736297607422,60183756,0,0.0
2013-07-18,22.99774742126465,23.02302360534668,22.602352142333984,22.7897891998291,145234620,0,0.0
2013-07-19,22.187437057495117,22.596345901489258,21.91216278076172,22.437437057495117,294077628,0,0.0
2013-07-22,22.572572708129883,22.839590072631836,22.447446823120117,22.79029083251953,116011872,0,0.0
2013-07-23,22.79029083251953,22.847848892211914,22.511762619018555,22.617618560791016,81746172,0,0.0
2013-07-24,22.704204559326172,22.7802791595459,22.5400390625,22.595094680786133,83056860,0,0.0
2013-07-25,22.36911964416504,22.443693161010742,22.17417335510254,22.21471405029297,119923956,0,0.0
2013-07-26,22.19694709777832,22.272022247314453,22.072071075439453,22.155906677246094,71036892,0,0.0
2013-07-29,22.14464569091797,22.392892837524414,22.044294357299805,22.078828811645508,75600324,0,0.0
2013-07-30,22.158658981323242,22.412662506103516,22.043794631958008,22.29529571533203,70153776,0,0.0
2013-07-31,22.347097396850586,22.435184478759766,22.176677703857422,22.215965270996094,86853060,0,0.0
2013-08-01,22.397396087646484,22.63638687133789,22.397396087646484,22.628128051757812,85450464,0,0.0
2013-08-02,22.60860824584961,22.69769859313965,22.54304313659668,22.68693733215332,68487444,0,0.0
2013-08-05,22.657407760620117,22.660661697387695,22.50250244140625,22.647647857666016,52335612,0,0.0
2013-08-06,22.639890670776367,22.76551628112793,22.415666580200195,22.436687469482422,60183756,0,0.0
2013-08-07,22.39839744567871,22.483734130859375,22.24949836730957,22.28853988647461,55112832,0,0.0
2013-08-08,22.40966033935547,22.418418884277344,22.154403686523438,22.338838577270508,59460480,0,0.0
2013-08-09,22.286285400390625,22.410409927368164,22.27227210998535,22.282533645629883,52895052,0,0.0
2013-08-12,22.19469451904297,22.19719696044922,22.063312530517578,22.159910202026367,55024920,0,0.0
2013-08-13,22.192943572998047,22.2347354888916,21.92692756652832,22.053302764892578,56735208,0,0.0
2013-08-14,21.981231689453125,22.02777862548828,21.700700759887695,21.767017364501953,83204712,0,0.0
2013-08-15,21.632633209228516,21.64464569091797,21.471471786499023,21.51301383972168,74693232,0,0.0
2013-08-16,21.55355453491211,21.582582473754883,21.434934616088867,21.444194793701172,66936996,0,0.0
2013-08-19,21.464214324951172,21.821821212768555,21.45770835876465,21.662912368774414,72363564,0,0.0
2013-08-20,21.730480194091797,21.824575424194336,21.610109329223633,21.65715789794922,49270680,0,0.0
2013-08-21,21.78803825378418,21.94469451904297,21.68418312072754,21.7550048828125,70221708,0,0.0
2013-08-22,21.839338302612305,21.890640258789062,21.77802848815918,21.864614486694336,34761204,0,0.0
2013-08-23,21.96771812438965,21.97197151184082,21.76551628112793,21.777027130126953,43040916,0,0.0
2013-08-26,21.771772384643555,21.894393920898438,21.672922134399414,21.68143081665039,42057900,0,0.0
2013-08-27,21.512012481689453,21.614864349365234,21.218719482421875,21.2750244140625,69294636,0,0.0
2013-08-28,21.277528762817383,21.40665626525879,21.215465545654297,21.2349853515625,53142804,0,0.0
2013-08-29,21.247997283935547,21.531030654907227,21.235986709594727,21.40715789794922,59080860,0,0.0
2013-08-30,21.415414810180664,21.472471237182617,21.160160064697266,21.193693161010742,74389536,0,0.0
2013-09-03,21.380380630493164,21.67642593383789,21.370119094848633,21.531030654907227,81822096,0,0.0
2013-09-04,21.5302791595459,21.859359741210938,21.400651931762695,21.812562942504883,81566352,0,0.0
2013-09-05,21.859359741210938,22.019018173217773,21.812061309814453,22.011011123657227,51600348,0,0.0
2013-09-06,22.08308219909668,22.11661720275879,21.86536407470703,22.011512756347656,62401536,0,0.0
2013-09-09,22.11536407470703,22.266016006469727,22.082582473754883,22.223472595214844,49334616,0,0.0
2013-09-10,22.27277374267578,22.322322845458984,22.122121810913086,22.238988876342773,51452496,0,0.0
2013-09-11,22.235736846923828,22.446697235107422,22.17417335510254,22.42717742919922,64359576,0,0.0
2013-09-12,22.457456588745117,22.469970703125,22.272523880004883,22.348848342895508,43776180,0,0.0
2013-09-13,22.384885787963867,22.414413452148438,22.143142700195312,22.248998641967773,52962984,0,0.0
2013-09-16,22.427427291870117,22.447446823120117,22.14389419555664,22.216215133666992,53406540,0,0.0
2013-09-17,22.207456588745117,22.23198127746582,22.047046661376953,22.174924850463867,50325624,0,0.0
2013-09-18,22.180931091308594,22.621871948242188,22.098848342895508,22.605606079101562,77310612,0,0.0
2013-09-19,22.672422409057617,22.672422409057617,22.407407760620117,22.48223114013672,63852084,0,0.0
2013-09-20,22.48223114013672,22.62587547302246,22.412912368774414,22.60034942626953,173638188,0,0.0
2013-09-23,22.426176071166992,22.56231117248535,22.152151107788086,22.18468475341797,71024904,0,0.0
2013-09-24,22.18468475341797,22.2747745513916,22.057056427001953,22.193193435668945,59412528,0,0.0
2013-09-25,22.185935974121094,22.185935974121094,21.91191291809082,21.95270347595215,65894040,0,0.0
2013-09-26,21.97947883605957,22.09084129333496,21.896896362304688,21.976226806640625,50345604,0,0.0
2013-09-27,21.892391204833984,21.9599609375,21.804555892944336,21.931682586669922,50301648,0,0.0
2013-09-30,21.748748779296875,22.04304313659668,21.72947883605957,21.91967010498047,68827104,0,0.0
2013-10-01,22.028278350830078,22.213964462280273,22.023273468017578,22.19719696044922,67324608,0,0.0
2013-10-02,22.09033966064453,22.256256103515625,21.967466354370117,22.22197151184082,59752188,0,0.0
2013-10-03,22.22222137451172,22.374874114990234,21.824323654174805,21.92417335510254,84595320,0,0.0
2013-10-04,21.896896362304688,21.95970916748047,21.771772384643555,21.830581665039062,54265680,0,0.0
2013-10-07,21.707958221435547,21.87162208557129,21.624374389648438,21.665164947509766,51692256,0,0.0
2013-10-08,21.65465545654297,21.671171188354492,21.312061309814453,21.363113403320312,77670252,0,0.0
2013-10-09,21.428428649902344,21.58783721923828,21.095596313476562,21.417917251586914,105945948,0,0.0
2013-10-10,21.617618560791016,21.74249267578125,21.526777267456055,21.72772789001465,90121788,0,0.0
2013-10-11,21.672422409057617,21.858858108520508,21.65415382385254,21.821571350097656,56299644,0,0.0
2013-10-14,21.688188552856445,21.928178787231445,21.65640640258789,21.92467498779297,49694256,0,0.0
2013-10-15,21.915916442871094,22.162912368774414,21.871871948242188,22.072322845458984,63612324,0,0.0
2013-10-16,22.16891860961914,22.480730056762695,22.122371673583984,22.473222732543945,80223696,0,0.0
2013-10-17,22.347097396850586,22.444944381713867,22.165414810180664,22.241992950439453,170093736,0,0.0
2013-10-18,24.43893814086914,25.41191291809082,24.374374389648438,25.31056022644043,462193344,0,0.0
2013-10-21,25.311811447143555,25.50050163269043,25.013763427734375,25.107608795166016,144986868,0,0.0
2013-10-22,25.150150299072266,25.35034942626953,24.91967010498047,25.200199127197266,88255656,0,0.0
2013-10-23,25.050050735473633,25.89464569091797,25.040790557861328,25.81106185913086,106421472,0,0.0
2013-10-24,25.822572708129883,26.04029083251953,25.645645141601562,25.664413452148438,83600316,0,0.0
2013-10-25,25.746246337890625,25.746246337890625,25.293794631958008,25.405405044555664,81138780,0,0.0
2013-10-28,25.405405044555664,25.611360549926758,25.350099563598633,25.400400161743164,46301652,0,0.0
2013-10-29,25.503002166748047,25.94944953918457,25.362863540649414,25.93193244934082,64135800,0,0.0
2013-10-30,25.961711883544922,25.963714599609375,25.675676345825195,25.786285400390625,52911036,0,0.0
2013-10-31,25.748998641967773,26.064064025878906,25.624874114990234,25.79029083251953,65534400,0,0.0
2013-11-01,25.820571899414062,25.925926208496094,25.653152465820312,25.701702117919922,51280668,0,0.0
2013-11-04,25.813312530517578,25.835084915161133,25.576326370239258,25.678428649902344,45506448,0,0.0
2013-11-05,25.534284591674805,25.817066192626953,25.460960388183594,25.56356430053711,47208744,0,0.0
2013-11-06,25.665666580200195,25.700700759887695,25.40966033935547,25.594343185424805,36479484,0,0.0
2013-11-07,25.59084129333496,25.62387466430664,25.216215133666992,25.223974227905273,67116816,0,0.0
2013-11-08,25.243993759155273,25.487987518310547,25.23773765563965,25.426176071166992,51580368,0,0.0
2013-11-11,25.26301383972168,25.423673629760742,25.2252254486084,25.2900390625,44459496,0,0.0
2013-11-12,25.21771812438965,25.46446418762207,25.150150299072266,25.319820404052734,48675276,0,0.0
2013-11-13,25.193944931030273,25.847097396850586,25.18768882751465,25.837587356567383,63112824,0,0.0
2013-11-14,25.87387466430664,26.0197696685791,25.784534454345703,25.90665626525879,46621332,0,0.0
2013-11-15,25.897647857666016,25.975976943969727,25.783533096313477,25.864864349365234,51000948,0,0.0
2013-11-18,25.91967010498047,26.2447452545166,25.756757736206055,25.814565658569336,70317612,0,0.0
2013-11-19,25.818819046020508,25.89464569091797,25.601852416992188,25.655656814575195,45218736,0,0.0
2013-11-20,25.774524688720703,25.859859466552734,25.534534454345703,25.583332061767578,38509452,0,0.0
2013-11-21,25.700700759887695,25.983734130859375,25.675676345825195,25.877628326416016,43628328,0,0.0
2013-11-22,25.861360549926758,25.930179595947266,25.756256103515625,25.82307243347168,50117832,0,0.0
2013-11-25,25.954954147338867,26.35610580444336,25.90140151977539,26.174423217773438,64455480,0,0.0
2013-11-26,26.241241455078125,26.564064025878906,26.099599838256836,26.486736297607422,91360548,0,0.0
2013-11-27,26.577327728271484,26.726726531982422,26.526527404785156,26.604354858398438,44899056,0,0.0
2013-11-29,26.580581665039062,26.69219207763672,26.51276206970215,26.516265869140625,47664288,0,0.0
2013-12-02,26.614364624023438,26.685434341430664,26.29529571533203,26.38838768005371,54873072,0,0.0
2013-12-03,26.300050735473633,26.612613677978516,26.251752853393555,26.357858657836914,66976956,0,0.0
2013-12-04,26.31056022644043,26.62612533569336,26.276275634765625,26.480981826782227,47616336,0,0.0
2013-12-05,26.45645523071289,26.51801872253418,26.30355453491211,26.4599609375,45302652,0,0.0
2013-12-06,26.771522521972656,26.776777267456055,26.528528213500977,26.773523330688477,57094848,0,0.0
2013-12-09,26.801551818847656,27.084835052490234,26.72722625732422,26.980480194091797,59244696,0,0.0
2013-12-10,26.930681228637695,27.335084915161133,26.918167114257812,27.143644332885742,74081844,0,0.0
2013-12-11,27.21221160888672,27.31031036376953,26.906156539916992,26.959209442138672,68403528,0,0.0
2013-12-12,27.016265869140625,27.100601196289062,26.751752853393555,26.775775909423828,63796140,0,0.0
2013-12-13,26.91191291809082,26.93418312072754,26.473724365234375,26.546295166015625,86409504,0,0.0
2013-12-16,26.62662696838379,26.89414405822754,26.576826095581055,26.851350784301758,64015920,0,0.0
2013-12-17,26.847347259521484,27.046045303344727,26.736236572265625,26.773273468017578,61366572,0,0.0
2013-12-18,26.82307243347168,27.150901794433594,26.50250244140625,27.145896911621094,88323588,0,0.0
2013-12-19,27.046295166015625,27.327077865600586,27.004003524780273,27.18268394470215,66561372,0,0.0
2013-12-20,27.2347354888916,27.556806564331055,27.22722625732422,27.54304313659668,130333536,0,0.0
2013-12-23,27.723724365234375,27.922922134399414,27.655656814575195,27.905405044555664,68795136,0,0.0
2013-12-24,27.902151107788086,27.90890884399414,27.7302303314209,27.823823928833008,29338632,0,0.0
2013-12-26,27.878128051757812,28.003002166748047,27.7449951171875,27.96446418762207,53458488,0,0.0
2013-12-27,28.02802848815918,28.0350341796875,27.851350784301758,27.987987518310547,62725212,0,0.0
2013-12-30,28.036537170410156,28.04054069519043,27.753253936767578,27.764263153076172,49394556,0,0.0
2013-12-31,27.833833694458008,28.05305290222168,27.68418312072754,28.045795440673828,54261684,0,0.0
2014-01-02,27.914413452148438,27.971721649169922,27.734233856201172,27.85585594177246,72783144,0,0.0
2014-01-03,27.902902603149414,27.951200485229492,27.650901794433594,27.652652740478516,66601332,0,0.0
2014-01-06,27.853103637695312,27.99949836730957,27.688688278198242,27.960960388183594,70701228,0,0.0
2014-01-07,28.153152465820312,28.520771026611328,28.057056427001953,28.5,102001896,0,0.0
2014-01-08,28.678678512573242,28.711711883544922,28.360610961914062,28.559309005737305,89610300,0,0.0
2014-01-09,28.614614486694336,28.63413429260254,28.16716766357422,28.284284591674805,83296620,0,0.0
2014-01-10,28.50550651550293,28.50550651550293,28.084333419799805,28.28278350830078,85654260,0,0.0
2014-01-13,28.189939498901367,28.70145034790039,27.95720672607422,28.102603912353516,96659244,0,0.0
2014-01-14,28.47722625732422,28.803804397583008,28.230480194091797,28.763763427734375,99204696,0,0.0
2014-01-15,28.85360336303711,28.90390396118164,28.62337303161621,28.744243621826172,77929992,0,0.0
2014-01-16,28.756256103515625,28.97722625732422,28.728729248046875,28.93443489074707,67288644,0,0.0
2014-01-17,28.950199127197266,29.0447940826416,28.633634567260742,28.792041778564453,107943948,0,0.0
2014-01-21,29.05230140686035,29.12912940979004,28.811311721801758,29.12162208557129,79116804,0,0.0
2014-01-22,29.19444465637207,29.226476669311523,29.00050163269043,29.15465545654297,62793144,0,0.0
2014-01-23,29.029029846191406,29.091341018676758,28.888137817382812,29.031532287597656,77886036,0,0.0
2014-01-24,28.804054260253906,28.867618560791016,28.103103637695312,28.12387466430664,155544300,0,0.0
2014-01-27,28.180681228637695,28.190690994262695,27.083833694458008,27.558307647705078,173969856,0,0.0
2014-01-28,27.785785675048828,28.17192268371582,27.776275634765625,28.10335350036621,88319592,0,0.0
2014-01-29,28.006006240844727,28.071821212768555,27.51301383972168,27.700700759887695,95100804,0,0.0
2014-01-30,28.653654098510742,28.84109115600586,28.20945930480957,28.413162231445312,203452344,0,0.0
2014-01-31,29.31306266784668,29.693193435668945,28.807056427001953,29.553804397583008,222429348,0,0.0
2014-02-03,29.509510040283203,29.572572708129883,28.32857894897461,28.36411476135254,182581236,0,0.0
2014-02-04,28.478227615356445,28.90390396118164,28.453704833984375,28.48248291015625,112363524,0,0.0
2014-02-05,28.613113403320312,28.79804801940918,28.228729248046875,28.60860824584961,95684220,0,0.0
2014-02-06,28.807056427001953,29.03303337097168,28.717466354370117,29.02802848815918,77786136,0,0.0
2014-02-07,29.219970703125,29.47697639465332,29.04304313659668,29.465465545654297,105342552,0,0.0
2014-02-10,29.324323654174805,29.589590072631836,29.2547550201416,29.352603912353516,77730192,0,0.0
2014-02-11,29.533784866333008,29.826576232910156,29.334585189819336,29.784284591674805,81949968,0,0.0
2014-02-12,29.7547550201416,29.7797794342041,29.564064025878906,29.69694709777832,68911020,0,0.0
2014-02-13,29.548297882080078,30.027528762817383,29.521020889282227,30.027528762817383,73382544,0,0.0
2014-02-14,29.920169830322266,30.139890670776367,29.849849700927734,30.100099563598633,87380532,0,0.0
2014-02-18,30.06531524658203,30.352102279663086,30.030029296875,30.30230140686035,84271644,0,0.0
2014-02-19,30.162662506103516,30.260761260986328,29.967466354370117,30.08858871459961,84059856,0,0.0
2014-02-20,30.10860824584961,30.202451705932617,30.03553581237793,30.132883071899414,67963968,0,0.0
2014-02-21,30.225475311279297,30.277027130126953,30.10110092163086,30.124874114990234,74417508,0,0.0
2014-02-24,30.16416358947754,30.534534454345703,30.157657623291016,30.343093872070312,66905028,0,0.0
2014-02-25,30.42892837524414,30.643142700195312,30.290790557861328,30.53053092956543,57490452,0,0.0
2014-02-26,30.630630493164062,30.75275230407715,30.374374389648438,30.5347843170166,79208712,0,0.0
2014-02-27,30.4902400970459,30.63638687133789,30.455705642700195,30.510761260986328,50349600,0,0.0
2014-02-28,30.539039611816406,30.635385513305664,30.185686111450195,30.421672821044922,92451456,0,0.0
2014-03-03,30.198949813842773,30.226226806640625,29.833332061767578,30.097347259521484,84107808,0,0.0
2014-03-04,30.405405044555664,30.430429458618164,30.26776885986328,30.403152465820312,58649292,0,0.0
2014-03-05,30.40665626525879,30.607608795166016,30.31556510925293,30.48698616027832,49362588,0,0.0
2014-03-06,30.587587356567383,30.68443489074707,30.495494842529297,30.520771026611328,50673276,0,0.0
2014-03-07,30.700700759887695,30.705455780029297,30.316316604614258,30.400150299072266,60543396,0,0.0
2014-03-10,30.422672271728516,30.471471786499023,30.132381439208984,30.319570541381836,48535416,0,0.0
2014-03-11,30.374624252319336,30.38838768005371,29.945945739746094,30.0297794342041,68451480,0,0.0
2014-03-12,29.939939498901367,30.226476669311523,29.634384155273438,30.21271324157715,78493428,0,0.0
2014-03-13,30.228979110717773,30.29279327392578,29.648649215698242,29.756256103515625,93730176,0,0.0
2014-03-14,29.579328536987305,29.801551818847656,29.342592239379883,29.349348068237305,91664244,0,0.0
2014-03-17,29.510761260986328,29.956707000732422,29.48223114013672,29.832332611083984,86397516,0,0.0
2014-03-18,29.89664649963379,30.31856918334961,29.856355667114258,30.311811447143555,72527400,0,0.0
2014-03-19,30.32532501220703,30.330080032348633,29.890140533447266,30.011260986328125,64451484,0,0.0
2014-03-20,30.028778076171875,30.27052116394043,29.91391372680664,29.958959579467773,67320612,0,0.0
2014-03-21,30.187938690185547,30.271020889282227,29.59084129333496,29.605606079101562,128211660,0,0.0
2014-03-24,29.634384155273438,29.652151107788086,28.677427291870117,28.97722625732422,121362516,0,0.0
2014-03-25,29.17917823791504,29.2752742767334,28.703704833984375,28.996997833251953,96311592,0,0.0
2014-03-26,29.079328536987305,29.31856918334961,28.31581687927246,28.327577590942383,103096800,0,0.0
2014-03-27,28.299549102783203,28.326826095581055,27.580080032348633,27.884885787963867,152735112,0,0.0
2014-03-28,28.003002166748047,28.358108520507812,27.97222137451172,28.031782150268555,90265644,0,0.0
2014-03-31,28.288288116455078,28.40340232849121,27.849098205566406,27.890640258789062,77614308,0,0.0
2014-04-01,28.0347843170166,28.465965270996094,27.977977752685547,28.400651931762695,87152760,0,0.0
2014-04-02,28.57607650756836,28.648649215698242,28.128128051757812,28.405906677246094,83360556,0,0.0
2014-04-03,28.66950035095215,29.415000915527344,28.300500869750977,28.575000762939453,80366000,0,1.998
2014-04-04,28.927499771118164,28.986000061035156,27.22450065612793,27.262500762939453,107274000,0,0.0
2014-04-07,27.239500045776367,27.49250030517578,26.526500701904297,27.0314998626709,79232000,0,0.0
2014-04-08,27.252500534057617,27.993999481201172,27.235000610351562,27.875499725341797,69650000,0,0.0
2014-04-09,28.29199981689453,28.389999389648438,27.768999099731445,28.351999282836914,60632000,0,0.0
2014-04-10,28.399999618530273,28.410499572753906,27.274999618530273,27.33449935913086,65890000,0,0.0
2014-04-11,26.89699935913086,27.379499435424805,26.670000076293945,26.88800048828125,63494000,0,0.0
2014-04-14,27.183000564575195,27.650999069213867,27.025999069213867,27.260000228881836,50824000,0,0.0
2014-04-15,27.549999237060547,27.644500732421875,26.531999588012695,27.434999465942383,79956000,0,0.0
2014-04-16,27.885000228881836,28.200000762939453,27.655000686645508,28.19499969482422,91644000,0,0.0
2014-04-17,27.81599998474121,27.850000381469727,26.969999313354492,27.16699981689453,112294000,0,0.0
2014-04-21,27.200000762939453,27.200000762939453,26.700000762939453,26.9685001373291,48502000,0,0.0
2014-04-22,26.799999237060547,27.399999618530273,26.799999237060547,27.274999618530273,46622000,0,0.0
2014-04-23,27.183500289916992,27.239999771118164,26.4064998626709,26.875499725341797,39114000,0,0.0
2014-04-24,27.08449935913086,27.125,26.549999237060547,26.722000122070312,41348000,0,0.0
2014-04-25,26.613000869750977,26.69300079345703,26.125,26.155000686645508,47400000,0,0.0
2014-04-28,26.290000915527344,26.295000076293945,25.549999237060547,26.14900016784668,75056000,0,0.0
2014-04-29,26.194499969482422,26.88800048828125,26.149999618530273,26.816499710083008,50704000,0,0.0
2014-04-30,26.756000518798828,26.816999435424805,26.454500198364258,26.743999481201172,40770000,0,0.0
2014-05-01,26.712499618530273,26.995500564575195,26.64299964904785,26.92650032043457,40086000,0,0.0
2014-05-02,27.07200050354004,27.1200008392334,26.66349983215332,26.693500518798828,35616000,0,0.0
2014-05-05,26.511999130249023,26.785999298095703,26.378999710083008,26.76650047302246,24568000,0,0.0
2014-05-06,26.670499801635742,26.727500915527344,26.113000869750977,26.12849998474121,36700000,0,0.0
2014-05-07,26.162500381469727,26.221500396728516,25.554500579833984,25.899999618530273,61486000,0,0.0
2014-05-08,25.785999298095703,26.36750030517578,25.722999572753906,26.008499145507812,49040000,0,0.0
2014-05-09,25.9325008392334,26.36750030517578,25.714000701904297,26.33099937438965,45224000,0,0.0
2014-05-12,26.591999053955078,26.9375,26.375499725341797,26.921499252319336,38968000,0,0.0
2014-05-13,26.979000091552734,27.199499130249023,26.895000457763672,27.07699966430664,40240000,0,0.0
2014-05-14,27.090999603271484,27.090999603271484,26.655500411987305,26.720500946044922,25618000,0,0.0
2014-05-15,26.656999588012695,26.700000762939453,26.265499114990234,26.45599937438965,36658000,0,0.0
2014-05-16,26.479999542236328,26.54199981689453,26.178499221801758,26.415000915527344,38154000,0,0.0
2014-05-19,26.444000244140625,26.967500686645508,26.283000946044922,26.941499710083008,39530000,0,0.0
2014-05-20,27.0,27.3174991607666,26.828500747680664,27.019500732421875,48506000,0,0.0
2014-05-21,27.145000457763672,27.487499237060547,27.105499267578125,27.485000610351562,31294000,0,0.0
2014-05-22,27.610000610351562,27.898000717163086,27.549999237060547,27.772499084472656,42994000,0,0.0
2014-05-23,27.9064998626709,28.25,27.708499908447266,28.190000534057617,53450000,0,0.0
2014-05-27,28.388999938964844,28.743499755859375,28.207500457763672,28.743499755859375,43716000,0,0.0
2014-05-28,28.728500366210938,28.882999420166016,28.497499465942383,28.522499084472656,31632000,0,0.0
2014-05-29,28.66950035095215,28.673999786376953,28.422500610351562,28.527999877929688,28222000,0,0.0
2014-05-30,28.582000732421875,28.628999710083008,28.289499282836914,28.582500457763672,37434000,0,0.0
2014-06-02,28.487499237060547,28.52050018310547,27.834999084472656,28.216999053955078,33210000,0,0.0
2014-06-03,28.045000076293945,28.1200008392334,27.62649917602539,27.725500106811523,40626000,0,0.0
2014-06-04,27.576000213623047,27.929000854492188,27.42799949645996,27.687999725341797,34582000,0,0.0
2014-06-05,27.855499267578125,28.25,27.752500534057617,28.24650001525879,35868000,0,0.0
2014-06-06,28.408000946044922,28.440000534057617,27.979000091552734,28.30150032043457,34804000,0,0.0
2014-06-09,28.337499618530273,28.600000381469727,28.26099967956543,28.536500930786133,30594000,0,0.0
2014-06-10,28.43899917602539,28.600000381469727,28.306499481201172,28.415000915527344,29676000,0,0.0
2014-06-11,28.29599952697754,28.44849967956543,28.18400001525879,28.375,22580000,0,0.0
2014-06-12,28.350000381469727,28.350000381469727,27.857500076293945,27.975000381469727,30930000,0,0.0
2014-06-13,28.003999710083008,28.032499313354492,27.68600082397461,28.017499923706055,27066000,0,0.0
2014-06-16,27.862499237060547,27.899499893188477,27.5,27.614999771118164,39436000,0,0.0
2014-06-17,27.618000030517578,27.687000274658203,27.37350082397461,27.5310001373291,29552000,0,0.0
2014-06-18,27.639999389648438,28.06999969482422,27.57900047302246,28.033000946044922,41212000,0,0.0
2014-06-19,28.0575008392334,28.25,27.833499908447266,28.249500274658203,52548000,0,0.0
2014-06-20,28.322500228881836,28.338499069213867,27.9685001373291,28.326000213623047,63212000,0,0.0
2014-06-23,28.217500686645508,28.722000122070312,28.174999237060547,28.714500427246094,34456000,0,0.0
2014-06-24,28.711000442504883,29.112499237060547,28.45800018310547,28.62700080871582,56886000,0,0.0
2014-06-25,28.677499771118164,29.364999771118164,28.663000106811523,29.296499252319336,42294000,0,0.0
2014-06-26,29.46500015258789,29.479999542236328,28.979999542236328,29.238500595092773,40248000,0,0.0
2014-06-27,29.272499084472656,29.393999099731445,29.131000518798828,29.284500122070312,40426000,0,0.0
2014-06-30,29.33799934387207,29.385499954223633,29.164499282836914,29.23349952697754,29578000,0,0.0
2014-07-01,29.38249969482422,29.683000564575195,29.31450080871582,29.574499130249023,32864000,0,0.0
2014-07-02,29.613000869750977,29.707500457763672,29.45549964904785,29.538999557495117,23916000,0,0.0
2014-07-03,29.584999084472656,29.712499618530273,29.450000762939453,29.65399932861328,17978000,0,0.0
2014-07-07,29.675500869750977,29.782499313354492,29.39699935913086,29.538000106811523,26734000,0,0.0
2014-07-08,29.318500518798828,29.398500442504883,28.700000762939453,28.920000076293945,42504000,0,0.0
2014-07-09,28.947500228881836,29.204999923706055,28.850000381469727,29.167999267578125,27456000,0,0.0
2014-07-10,28.649999618530273,29.262500762939453,28.604999542236328,29.00200080871582,28724000,0,0.0
2014-07-11,29.049999237060547,29.411500930786133,29.02899932861328,29.332500457763672,30232000,0,0.0
2014-07-14,29.530000686645508,29.743000030517578,29.33449935913086,29.71299934387207,39032000,0,0.0
2014-07-15,29.75749969482422,29.764999389648438,29.265499114990234,29.652999877929688,33476000,0,0.0
2014-07-16,29.844499588012695,29.850000381469727,29.512500762939453,29.5310001373291,28816000,0,0.0
2014-07-17,29.44849967956543,29.475000381469727,28.842500686645508,29.041000366210938,58706000,0,0.0
2014-07-18,30.15049934387207,30.334999084472656,29.54599952697754,30.25550079345703,97432000,0,0.0
2014-07-21,30.0674991607666,30.20800018310547,29.72249984741211,29.922000885009766,44758000,0,0.0
2014-07-22,29.985000610351562,30.444499969482422,29.96299934387207,30.178499221801758,37632000,0,0.0
2014-07-23,30.102500915527344,30.352500915527344,30.0674991607666,30.25950050354004,22120000,0,0.0
2014-07-24,30.276500701904297,30.445499420166016,30.049999237060547,30.15049934387207,27100000,0,0.0
2014-07-25,29.962499618530273,30.049999237060547,29.787500381469727,29.90399932861328,27200000,0,0.0
2014-07-28,29.887500762939453,30.05500030517578,29.629499435424805,29.951000213623047,27162000,0,0.0
2014-07-29,29.885000228881836,29.92449951171875,29.60849952697754,29.697500228881836,27332000,0,0.0
2014-07-30,29.79050064086914,29.922500610351562,29.635000228881836,29.77199935913086,24302000,0,0.0
2014-07-31,29.447999954223633,29.59950065612793,28.884000778198242,28.977500915527344,46190000,0,0.0
2014-08-01,28.927499771118164,29.171499252319336,28.514999389648438,28.68000030517578,44266000,0,0.0
2014-08-04,28.82550048828125,29.19099998474121,28.613000869750977,29.113500595092773,30388000,0,0.0
2014-08-05,28.9689998626709,29.010000228881836,28.515499114990234,28.656999588012695,32876000,0,0.0
2014-08-06,28.475000381469727,28.93199920654297,28.372499465942383,28.72450065612793,26456000,0,0.0
2014-08-07,28.802499771118164,28.91550064086914,28.471500396728516,28.590499877929688,23260000,0,0.0
2014-08-08,28.60099983215332,28.97800064086914,28.451000213623047,28.89699935913086,29866000,0,0.0
2014-08-11,28.950000762939453,28.984500885009766,28.764999389648438,28.862499237060547,24068000,0,0.0
2014-08-12,28.75,28.795000076293945,28.495500564575195,28.606000900268555,27890000,0,0.0
2014-08-13,28.822500228881836,29.306499481201172,28.760000228881836,29.22800064086914,37988000,0,0.0
2014-08-14,29.33449935913086,29.389999389648438,29.04599952697754,29.232500076293945,25458000,0,0.0
2014-08-15,29.375,29.473499298095703,29.038000106811523,29.18549919128418,34468000,0,0.0
2014-08-18,29.354999542236328,29.752500534057617,29.327499389648438,29.635000228881836,29320000,0,0.0
2014-08-19,29.779499053955078,29.890499114990234,29.722000122070312,29.855499267578125,20864000,0,0.0
2014-08-20,29.84749984741211,29.84950065612793,29.649999618530273,29.77050018310547,19346000,0,0.0
2014-08-21,29.7450008392334,29.762500762939453,29.55500030517578,29.621000289916992,22640000,0,0.0
2014-08-22,29.66349983215332,29.749500274658203,29.489999771118164,29.62700080871582,17544000,0,0.0
2014-08-25,29.738500595092773,29.77899932861328,29.46299934387207,29.528499603271484,25912000,0,0.0
2014-08-26,29.600000381469727,29.602500915527344,29.372499465942383,29.4060001373291,29434000,0,0.0
2014-08-27,29.390499114990234,29.4685001373291,29.045000076293945,29.149999618530273,27292000,0,0.0
2014-08-28,29.000999450683594,29.23550033569336,28.893999099731445,29.016000747680664,28116000,0,0.0
2014-08-29,29.11750030517578,29.145000457763672,28.91200065612793,29.118000030517578,24122000,0,0.0
2014-09-02,29.147499084472656,29.46500015258789,29.1200008392334,29.431499481201172,31660000,0,0.0
2014-09-03,29.58650016784668,29.72450065612793,29.325000762939453,29.47599983215332,31580000,0,0.0
2014-09-04,29.60650062561035,29.899999618530273,29.530000686645508,29.656999588012695,32616000,0,0.0
2014-09-05,29.756500244140625,29.924999237060547,29.677499771118164,29.888999938964844,35982000,0,0.0
2014-09-08,29.957000732421875,30.176000595092773,29.900999069213867,30.081499099731445,31984000,0,0.0
2014-09-09,30.013500213623047,30.030000686645508,29.52400016784668,29.598499298095703,31424000,0,0.0
2014-09-10,29.586999893188477,29.68600082397461,29.35700035095215,29.67099952697754,23202000,0,0.0
2014-09-11,29.5,29.59749984741211,29.302000045776367,29.555500030517578,30028000,0,0.0
2014-09-12,29.519500732421875,29.573999404907227,29.163999557495117,29.2450008392334,37030000,0,0.0
2014-09-15,29.11199951171875,29.195999145507812,28.850500106811523,29.082000732421875,30908000,0,0.0
2014-09-16,29.047500610351562,29.50749969482422,29.047500610351562,29.43899917602539,31592000,0,0.0
2014-09-17,29.475500106811523,29.803499221801758,29.356000900268555,29.664499282836914,34390000,0,0.0
2014-09-18,29.752500534057617,29.878000259399414,29.650999069213867,29.863500595092773,29890000,0,0.0
2014-09-19,29.97450065612793,30.270000457763672,29.88800048828125,30.270000457763672,83832000,0,0.0
2014-09-22,30.125,30.190000534057617,29.6560001373291,29.863500595092773,35644000,0,0.0
2014-09-23,29.75,29.832500457763672,29.511999130249023,29.55900001525879,28074000,0,0.0
2014-09-24,29.578500747680664,30.00550079345703,29.514999389648438,29.92099952697754,35160000,0,0.0
2014-09-25,29.84950065612793,29.903499603271484,29.23699951171875,29.262500762939453,33420000,0,0.0
2014-09-26,29.296499252319336,29.478500366210938,29.25,29.395000457763672,25782000,0,0.0
2014-09-29,29.09149932861328,29.465499877929688,29.078500747680664,29.390499114990234,22874000,0,0.0
2014-09-30,29.374500274658203,29.549999237060547,29.225000381469727,29.420499801635742,31430000,0,0.0
2014-10-01,29.34000015258789,29.43600082397461,28.900999069213867,28.98150062561035,28954000,0,0.0
2014-10-02,28.899999618530273,29.16200065612793,28.702499389648438,29.04400062561035,30726000,0,0.0
2014-10-03,29.204999923706055,29.414499282836914,29.174999237060547,29.3125,24290000,0,0.0
2014-10-06,29.497499465942383,29.6200008392334,29.270000457763672,29.388999938964844,25722000,0,0.0
2014-10-07,29.2450008392334,29.292499542236328,28.704999923706055,28.704999923706055,30914000,0,0.0
2014-10-08,28.739500045776367,29.234500885009766,28.381999969482422,29.187000274658203,44158000,0,0.0
2014-10-09,29.08049964904785,29.12649917602539,28.451499938964844,28.54050064086914,48234000,0,0.0
2014-10-10,28.37350082397461,28.761499404907227,27.750499725341797,27.75950050354004,59574000,0,0.0
2014-10-13,27.756500244140625,28.04400062561035,27.221500396728516,27.237499237060547,55116000,0,0.0
2014-10-14,27.506999969482422,27.931499481201172,27.225000381469727,27.434499740600586,52198000,0,0.0
2014-10-15,27.104000091552734,27.195999145507812,26.42099952697754,27.036500930786133,76720000,0,0.0
2014-10-16,26.350000381469727,27.04949951171875,26.247499465942383,26.84600067138672,76100000,0,0.0
2014-10-17,27.022499084472656,27.172500610351562,25.920499801635742,26.148500442504883,119930000,0,0.0
2014-10-20,26.022499084472656,26.658000946044922,25.957000732421875,26.618999481201172,54964000,0,0.0
2014-10-21,26.863500595092773,26.938499450683594,26.510000228881836,26.901500701904297,49190000,0,0.0
2014-10-22,27.052499771118164,27.538000106811523,27.011499404907227,27.13450050354004,59474000,0,0.0
2014-10-23,27.413999557495117,27.8700008392334,27.274999618530273,27.6825008392334,43026000,0,0.0
2014-10-24,27.749000549316406,27.75,27.257999420166016,27.44499969482422,43508000,0,0.0
2014-10-27,27.38800048828125,27.700000762939453,27.360000610351562,27.493999481201172,31934000,0,0.0
2014-10-28,27.585500717163086,27.959999084472656,27.521499633789062,27.94700050354004,34774000,0,0.0
2014-10-29,28.042499542236328,28.24850082397461,27.798999786376953,27.922500610351562,41066000,0,0.0
2014-10-30,27.912500381469727,28.125,27.60650062561035,28.013500213623047,32250000,0,0.0
2014-10-31,28.415000915527344,28.436500549316406,28.24049949645996,28.39349937438965,46810000,0,0.0
2014-11-03,28.17650032043457,28.357500076293945,28.081499099731445,28.188499450683594,30834000,0,0.0
2014-11-04,28.058000564575195,28.239500045776367,27.915000915527344,28.20949935913086,27726000,0,0.0
2014-11-05,28.339500427246094,28.344999313354492,27.707500457763672,27.797500610351562,32906000,0,0.0
2014-11-06,27.774999618530273,27.84000015258789,27.52899932861328,27.58449935913086,33014000,0,0.0
2014-11-07,27.780000686645508,27.780000686645508,27.467500686645508,27.590999603271484,31782000,0,0.0
2014-11-10,27.6200008392334,28.0314998626709,27.58099937438965,27.911500930786133,26090000,0,0.0
2014-11-11,27.926000595092773,28.125,27.812000274658203,28.06450080871582,21966000,0,0.0
2014-11-12,28.0575008392334,28.0625,27.774999618530273,27.912500381469727,21882000,0,0.0
2014-11-13,28.04050064086914,28.041000366210938,27.704500198364258,27.82200050354004,30220000,0,0.0
2014-11-14,27.899999618530273,27.899999618530273,27.625499725341797,27.75950050354004,28502000,0,0.0
2014-11-17,27.75950050354004,27.75950050354004,27.222000122070312,27.332000732421875,33612000,0,0.0
2014-11-18,27.396499633789062,27.63949966430664,27.190000534057617,27.225500106811523,36440000,0,0.0
2014-11-19,27.237499237060547,27.410999298095703,26.95949935913086,27.360000610351562,30346000,0,0.0
2014-11-20,27.10449981689453,27.268999099731445,27.075000762939453,27.187999725341797,35016000,0,0.0
2014-11-21,27.552000045776367,27.552000045776367,27.25,27.29450035095215,50120000,0,0.0
2014-11-24,27.328500747680664,27.559499740600586,27.207500457763672,27.374000549316406,33076000,0,0.0
2014-11-25,27.36050033569336,27.625,27.345500946044922,27.46150016784668,38072000,0,0.0
2014-11-26,27.46150016784668,27.493999481201172,27.261499404907227,27.386499404907227,29604000,0,0.0
2014-11-28,27.350000381469727,27.479999542236328,27.224000930786133,27.45400047302246,24202000,0,0.0
2014-12-01,27.254499435424805,27.43950080871582,26.930999755859375,26.982500076293945,39888000,0,0.0
2014-12-02,26.97249984741211,27.092500686645508,26.732999801635742,26.929500579833984,41480000,0,0.0
2014-12-03,26.875,27.070499420166016,26.760499954223633,26.848499298095703,32476000,0,0.0
2014-12-04,26.881999969482422,27.13450050354004,26.74449920654297,27.128999710083008,32598000,0,0.0
2014-12-05,26.834999084472656,26.90999984741211,26.363000869750977,26.40399932861328,61402000,0,0.0
2014-12-08,26.461000442504883,26.69099998474121,26.350000381469727,26.536500930786133,64566000,0,0.0
2014-12-09,26.29400062561035,26.832500457763672,26.170499801635742,26.805500030517578,43322000,0,0.0
2014-12-10,26.795000076293945,26.968000411987305,26.374500274658203,26.402000427246094,46222000,0,0.0
2014-12-11,26.500499725341797,26.851999282836914,26.45800018310547,26.605499267578125,41426000,0,0.0
2014-12-12,26.371999740600586,26.61199951171875,26.072999954223633,26.07550048828125,47314000,0,0.0
2014-12-15,26.187999725341797,26.26849937438965,25.770000457763672,25.79199981689453,52352000,0,0.0
2014-12-16,25.68000030517578,25.77899932861328,24.859500885009766,24.908000946044922,86998000,0,0.0
2014-12-17,24.993000030517578,25.453500747680664,24.95549964904785,25.322500228881836,72788000,0,0.0
2014-12-18,25.79949951171875,25.8125,25.327999114990234,25.731000900268555,77534000,0,0.0
2014-12-19,25.84950065612793,26.04050064086914,25.44300079345703,26.00200080871582,97442000,0,0.0
2014-12-22,26.030500411987305,26.648500442504883,26.029499053955078,26.614999771118164,66390000,0,0.0
2014-12-23,26.725500106811523,27.114999771118164,26.68600082397461,26.938499450683594,57544000,0,0.0
2014-12-24,26.94099998474121,27.01449966430664,26.7549991607666,26.846500396728516,14754000,0,0.0
2014-12-26,26.846500396728516,27.162500381469727,26.774499893188477,27.076000213623047,22270000,0,0.0
2014-12-29,27.024999618530273,27.196500778198242,26.857999801635742,26.86549949645996,44300000,0,0.0
2014-12-30,26.74799919128418,26.892000198364258,26.680500030517578,26.763999938964844,20972000,0,0.0
2014-12-31,26.886999130249023,26.920000076293945,26.510000228881836,26.533000946044922,24648000,0,0.0
2015-01-02,26.6299991607666,26.790000915527344,26.393999099731445,26.477500915527344,26480000,0,0.0
2015-01-05,26.357500076293945,26.399499893188477,25.887500762939453,25.972999572753906,41182000,0,0.0
2015-01-06,26.024999618530273,26.06049919128418,25.27750015258789,25.332000732421875,54456000,0,0.0
2015-01-07,25.547500610351562,25.574499130249023,25.1825008392334,25.25749969482422,46918000,0,0.0
2015-01-08,25.07550048828125,25.375,24.750999450683594,25.345500946044922,73054000,0,0.0
2015-01-09,25.409000396728516,25.43000030517578,24.9325008392334,25.035999298095703,42000000,0,0.0
2015-01-12,24.961999893188477,25.013999938964844,24.545499801635742,24.85300064086914,57138000,0,0.0
2015-01-13,25.12849998474121,25.43000030517578,24.863000869750977,25.09000015258789,60958000,0,0.0
2015-01-14,25.020999908447266,25.413000106811523,24.908000946044922,25.296499252319336,52800000,0,0.0
2015-01-15,25.444499969482422,25.487499237060547,25.100500106811523,25.20050048828125,51068000,0,0.0
2015-01-16,25.157499313354492,25.542499542236328,25.154499053955078,25.523000717163086,49658000,0,0.0
2015-01-20,25.638500213623047,25.780500411987305,25.4685001373291,25.496999740600586,46796000,0,0.0
2015-01-21,25.54199981689453,26.092500686645508,25.47949981689453,26.019500732421875,46356000,0,0.0
2015-01-22,26.149999618530273,26.941999435424805,26.095500946044922,26.864999771118164,56068000,0,0.0
2015-01-23,26.901500701904297,27.27050018310547,26.787500381469727,27.09749984741211,45966000,0,0.0
2015-01-26,27.075000762939453,27.075000762939453,26.603500366210938,26.836000442504883,30932000,0,0.0
2015-01-27,26.56999969482422,26.638999938964844,26.042999267578125,26.059499740600586,39148000,0,0.0
2015-01-28,26.25,26.284500122070312,25.61750030517578,25.62150001525879,35822000,0,0.0
2015-01-29,25.645000457763672,25.75950050354004,25.173999786376953,25.661500930786133,79018000,0,0.0
2015-01-30,25.950000762939453,27.155000686645508,25.909000396728516,26.877500534057617,121108000,0,0.0
2015-02-02,26.715999603271484,26.825000762939453,26.086000442504883,26.610000610351562,75378000,0,0.0
2015-02-03,26.496999740600586,26.872499465942383,26.340499877929688,26.665000915527344,47062000,0,0.0
2015-02-04,26.656999588012695,26.837499618530273,26.25149917602539,26.30500030517578,33896000,0,0.0
2015-02-05,26.396499633789062,26.534500122070312,26.281999588012695,26.491500854492188,33176000,0,0.0
2015-02-06,26.550500869750977,27.01099967956543,26.4325008392334,26.694000244140625,42938000,0,0.0
2015-02-09,26.55299949645996,26.694000244140625,26.377500534057617,26.464000701904297,30314000,0,0.0
2015-02-10,26.607500076293945,27.049999237060547,26.458499908447266,27.007999420166016,47430000,0,0.0
2015-02-11,26.986499786376953,27.09749984741211,26.799999237060547,26.899999618530273,38306000,0,0.0
2015-02-12,26.982999801635742,27.41699981689453,26.850000381469727,27.300500869750977,48590000,0,0.0
2015-02-13,27.375499725341797,27.62700080871582,27.329999923706055,27.558000564575195,47382000,0,0.0
2015-02-17,27.558000564575195,27.649999618530273,27.163000106811523,27.250499725341797,39174000,0,0.0
2015-02-18,27.19099998474121,27.377500534057617,26.977500915527344,27.13249969482422,31164000,0,0.0
2015-02-19,27.12350082397461,27.343000411987305,27.037500381469727,27.322500228881836,30834000,0,0.0
2015-02-20,27.378999710083008,27.378999710083008,26.905000686645508,27.09000015258789,38234000,0,0.0
2015-02-23,26.950000762939453,26.96500015258789,26.600000381469727,26.75,32906000,0,0.0
2015-02-24,26.577499389648438,26.969999313354492,26.549999237060547,26.9325008392334,28406000,0,0.0
2015-02-25,26.922000885009766,27.478500366210938,26.90049934387207,27.366500854492188,40836000,0,0.0
2015-02-26,27.28700065612793,28.006500244140625,27.254499435424805,27.964500427246094,54032000,0,0.0
2015-02-27,27.907499313354492,28.47100067138672,27.851499557495117,28.131500244140625,68328000,0,0.0
2015-03-02,28.350000381469727,28.79949951171875,28.157499313354492,28.750999450683594,50406000,0,0.0
2015-03-03,28.8174991607666,29.042499542236328,28.524999618530273,28.93950080871582,50526000,0,0.0
2015-03-04,28.848499298095703,29.081499099731445,28.625999450683594,28.916500091552734,37964000,0,0.0
2015-03-05,28.981000900268555,29.15999984741211,28.911500930786133,29.071500778198242,35918000,0,0.0
2015-03-06,29.100000381469727,29.138999938964844,28.60300064086914,28.645000457763672,37592000,0,0.0
2015-03-09,28.54599952697754,28.772499084472656,28.452499389648438,28.704999923706055,23478000,0,0.0
2015-03-10,28.423999786376953,28.488000869750977,27.990999221801758,27.99250030517578,40080000,0,0.0
2015-03-11,27.989999771118164,28.208999633789062,27.77050018310547,27.784500122070312,40524000,0,0.0
2015-03-12,27.923999786376953,28.091999053955078,27.776500701904297,28.058500289916992,35602000,0,0.0
2015-03-13,27.96150016784668,28.218000411987305,27.51650047302246,27.649999618530273,35428000,0,0.0
2015-03-16,27.846500396728516,28.1875,27.56599998474121,28.082000732421875,36856000,0,0.0
2015-03-17,27.914499282836914,28.031999588012695,27.720500946044922,27.88050079345703,28892000,0,0.0
2015-03-18,27.886499404907227,28.32550048828125,27.674999237060547,28.308000564575195,35324000,0,0.0
2015-03-19,28.22599983215332,28.347999572753906,28.106000900268555,28.183500289916992,24660000,0,0.0
2015-03-20,28.335500717163086,28.354999542236328,28.224000930786133,28.247499465942383,44320000,0,0.0
2015-03-23,28.299999237060547,28.48200035095215,28.152999877929688,28.26849937438965,30234000,0,0.0
2015-03-24,28.427000045776367,29.0939998626709,28.404499053955078,28.87700080871582,79156000,0,0.0
2015-03-25,28.87849998474121,29.00349998474121,28.350000381469727,28.350000381469727,53070000,0,0.0
2015-03-26,28.232500076293945,28.359500885009766,27.91550064086914,28.18199920654297,49842000,0,0.0
2015-03-27,28.09149932861328,28.203500747680664,27.846500396728516,27.877500534057617,34552000,0,0.0
2015-03-30,28.012500762939453,28.107999801635742,27.839500427246094,28.05699920654297,24788000,0,0.0
2015-03-31,27.89699935913086,28.122499465942383,27.73349952697754,27.735000610351562,34932000,0,0.0
2015-04-01,27.741500854492188,27.924999237060547,27.30150032043457,27.47450065612793,38902000,0,0.0
2015-04-02,27.370500564575195,27.399999618530273,27.02199935913086,27.065500259399414,47760000,0,0.0
2015-04-06,26.941999435424805,27.277000427246094,26.78499984741211,27.197500228881836,33718000,0,0.0
2015-04-07,27.249500274658203,27.507999420166016,27.179500579833984,27.243000030517578,27318000,0,0.0
2015-04-08,27.299999237060547,27.575000762939453,27.299999237060547,27.441999435424805,28386000,0,0.0
2015-04-09,27.460500717163086,27.4685001373291,27.09749984741211,27.400999069213867,32366000,0,0.0
2015-04-10,27.478500366210938,27.49250030517578,27.249000549316406,27.427000045776367,26104000,0,0.0
2015-04-13,27.352500915527344,27.66349983215332,27.315000534057617,27.43199920654297,29326000,0,0.0
2015-04-14,27.328500747680664,27.328500747680664,26.78700065612793,26.98900032043457,47206000,0,0.0
2015-04-15,26.898000717163086,27.159500122070312,26.618499755859375,27.052000045776367,46962000,0,0.0
2015-04-16,26.917499542236328,27.261499404907227,26.905000686645508,27.176000595092773,31722000,0,0.0
2015-04-17,26.86549949645996,26.989999771118164,26.450000762939453,26.636999130249023,49234000,0,0.0
2015-04-20,26.6875,27.290000915527344,26.667499542236328,27.226499557495117,38508000,0,0.0
2015-04-21,27.315500259399414,27.388500213623047,27.11050033569336,27.145999908447266,29128000,0,0.0
2015-04-22,27.152999877929688,27.549999237060547,27.06599998474121,27.458999633789062,31806000,0,0.0
2015-04-23,27.52050018310547,28.058500289916992,27.503999710083008,27.87299919128418,78184000,0,0.0
2015-04-24,29.002500534057617,29.235000610351562,28.417499542236328,28.683000564575195,92168000,0,0.0
2015-04-27,28.638500213623047,28.775999069213867,28.114999771118164,28.305999755859375,48062000,0,0.0
2015-04-28,28.215999603271484,28.39150047302246,28.04800033569336,28.2185001373291,37178000,0,0.0
2015-04-29,28.02549934387207,28.29199981689453,27.950000762939453,28.069499969482422,33622000,0,0.0
2015-04-30,27.92799949645996,28.055500030517578,27.336000442504883,27.438499450683594,47240000,0,0.0
2015-05-01,27.52549934387207,27.56100082397461,27.1924991607666,27.558000564575195,36572000,0,0.0
2015-05-04,27.54949951171875,27.83449935913086,27.36949920654297,27.642000198364258,35260000,0,0.0
2015-05-05,27.507999420166016,27.63050079345703,27.118499755859375,27.152000427246094,28528000,0,0.0
2015-05-06,27.131999969482422,27.196500778198242,26.61199951171875,26.753999710083008,39034000,0,0.0
2015-05-07,26.795000076293945,27.260000228881836,26.672500610351562,27.101999282836914,31844000,0,0.0
2015-05-08,27.443500518798828,27.639999389648438,27.401500701904297,27.447500228881836,28226000,0,0.0
2015-05-11,27.42449951171875,27.668500900268555,27.280000686645508,27.288999557495117,21858000,0,0.0
2015-05-12,27.140499114990234,27.148000717163086,26.75,26.936500549316406,35282000,0,0.0
2015-05-13,27.023500442504883,27.191999435424805,26.948999404907227,26.97450065612793,24238000,0,0.0
2015-05-14,27.19849967956543,27.484500885009766,27.125,27.459999084472656,31736000,0,0.0
2015-05-15,27.519500732421875,27.530000686645508,27.125,27.324499130249023,33440000,0,0.0
2015-05-18,27.19099998474121,27.41699981689453,27.112499237060547,27.333499908447266,26706000,0,0.0
2015-05-19,27.399999618530273,27.670000076293945,27.356000900268555,27.464000701904297,47126000,0,0.0
2015-05-20,27.54599952697754,27.803499221801758,27.2549991607666,27.625499725341797,30840000,0,0.0
2015-05-21,27.510000228881836,27.88050079345703,27.46500015258789,27.840499877929688,34170000,0,0.0
2015-05-22,27.722999572753906,27.91200065612793,27.680999755859375,27.72599983215332,24266000,0,0.0
2015-05-26,27.628999710083008,27.666500091552734,27.148500442504883,27.359500885009766,37474000,0,0.0
2015-05-27,27.43400001525879,27.76449966430664,27.32900047302246,27.712499618530273,34844000,0,0.0
2015-05-28,27.68950080871582,27.788000106811523,27.540000915527344,27.708999633789062,23544000,0,0.0
2015-05-29,27.65999984741211,27.69700050354004,27.25200080871582,27.266000747680664,43446000,0,0.0
2015-06-01,27.436500549316406,27.528499603271484,27.179000854492188,27.460500717163086,33210000,0,0.0
2015-06-02,27.37150001525879,27.93950080871582,27.327499389648438,27.697500228881836,31842000,0,0.0
2015-06-03,27.7549991607666,27.899499893188477,27.607500076293945,27.76449966430664,26710000,0,0.0
2015-06-04,27.608999252319336,27.79800033569336,27.45599937438965,27.58449935913086,26866000,0,0.0
2015-06-05,27.600000381469727,27.666500091552734,27.368999481201172,27.476499557495117,24396000,0,0.0
2015-06-08,27.480499267578125,27.493499755859375,27.147499084472656,27.173999786376953,27336000,0,0.0
2015-06-09,27.17099952697754,27.242000579833984,26.9424991607666,27.107999801635742,30016000,0,0.0
2015-06-10,27.28499984741211,27.73900032043457,27.25550079345703,27.6299991607666,30316000,0,0.0
2015-06-11,27.72450065612793,27.741500854492188,27.458499908447266,27.50200080871582,25872000,0,0.0
2015-06-12,27.357500076293945,27.4424991607666,27.2814998626709,27.37350082397461,25468000,0,0.0
2015-06-15,27.136499404907227,27.202499389648438,26.960500717163086,27.149999618530273,27150000,0,0.0
2015-06-16,27.224000930786133,27.33449935913086,27.078500747680664,27.243499755859375,32526000,0,0.0
2015-06-17,27.270999908447266,27.417999267578125,27.090499877929688,27.329999923706055,24440000,0,0.0
2015-06-18,27.399999618530273,27.862499237060547,27.399999618530273,27.80900001525879,41192000,0,0.0
2015-06-19,27.826000213623047,27.89550018310547,27.613000869750977,27.875999450683594,59290000,0,0.0
2015-06-22,27.970500946044922,28.280500411987305,27.945499420166016,27.983999252319336,34752000,0,0.0
2015-06-23,27.989500045776367,28.2450008392334,27.857500076293945,28.16950035095215,31396000,0,0.0
2015-06-24,28.124000549316406,28.131999969482422,27.840499877929688,27.928499221801758,28924000,0,0.0
2015-06-25,28.014999389648438,28.156999588012695,27.87299919128418,27.897499084472656,26684000,0,0.0
2015-06-26,27.98550033569336,28.0,27.592500686645508,27.652999877929688,43676000,0,0.0
2015-06-29,27.337499618530273,27.545000076293945,27.011999130249023,27.0625,37756000,0,0.0
2015-06-30,27.254499435424805,27.295000076293945,26.976999282836914,27.00200080871582,34510000,0,0.0
2015-07-01,27.183000564575195,27.29050064086914,26.988000869750977,27.165000915527344,30760000,0,0.0
2015-07-02,27.23699951171875,27.399999618530273,27.178499221801758,27.367000579833984,28124000,0,0.0
2015-07-06,27.112499237060547,27.429000854492188,27.104999542236328,27.2810001373291,25614000,0,0.0
2015-07-07,27.37150001525879,27.549999237060547,26.99250030517578,27.50149917602539,33578000,0,0.0
2015-07-08,27.280000686645508,27.413999557495117,27.059999465942383,27.084999084472656,27662000,0,0.0
2015-07-09,27.4325008392334,27.444000244140625,27.231000900268555,27.232500076293945,29766000,0,0.0
2015-07-10,27.68549919128418,27.964500427246094,27.600000381469727,27.805500030517578,43436000,0,0.0
2015-07-13,27.975500106811523,28.642499923706055,27.934999465942383,28.58650016784668,41792000,0,0.0
2015-07-14,28.725000381469727,29.48550033569336,28.708499908447266,29.208999633789062,74832000,0,0.0
2015-07-15,29.187000274658203,29.434499740600586,29.010499954223633,29.197999954223633,41466000,0,0.0
2015-07-16,29.475000381469727,30.225000381469727,29.395999908447266,30.089000701904297,112642000,0,0.0
2015-07-17,34.0,35.150001525878906,33.900001525878906,34.98099899291992,257162000,0,0.0
2015-07-20,34.44900131225586,34.88999938964844,34.0885009765625,34.641998291015625,102436000,0,0.0
2015-07-21,34.24399948120117,35.279998779296875,34.20750045776367,34.76750183105469,75604000,0,0.0
2015-07-22,34.70100021362305,35.666500091552734,34.58100128173828,34.755001068115234,83100000,0,0.0
2015-07-23,34.592498779296875,34.80350112915039,33.579498291015625,33.73649978637695,76232000,0,0.0
2015-07-24,33.8385009765625,33.88949966430664,32.659000396728516,32.73849868774414,82622000,0,0.0
2015-07-27,32.57849884033203,33.35350036621094,32.57749938964844,32.91350173950195,58382000,0,0.0
2015-07-28,33.0880012512207,33.20500183105469,32.670501708984375,32.983001708984375,34364000,0,0.0
2015-07-29,33.112998962402344,33.166500091552734,32.641998291015625,33.07149887084961,36756000,0,0.0
2015-07-30,32.87200164794922,33.40250015258789,32.58449935913086,33.22800064086914,39606000,0,0.0
2015-07-31,33.23500061035156,33.25,32.86000061035156,32.875,34922000,0,0.0
2015-08-03,32.882999420166016,33.333499908447266,32.882999420166016,33.236000061035156,31348000,0,0.0
2015-08-04,33.21699905395508,33.400001525878906,33.0255012512207,33.06399917602539,26188000,0,0.0
2015-08-05,33.287498474121094,33.99549865722656,33.27899932861328,33.66450119018555,36448000,0,0.0
2015-08-06,33.699501037597656,33.73749923706055,33.0364990234375,33.50749969482422,40660000,0,0.0
2015-08-07,33.388999938964844,33.439998626708984,32.94350051879883,33.21950149536133,27544000,0,0.0
2015-08-10,33.35449981689453,33.58100128173828,33.01150131225586,33.15700149536133,34458000,0,0.0
2015-08-11,34.979000091552734,35.20000076293945,34.215999603271484,34.51499938964844,109880000,0,0.0
2015-08-12,34.7244987487793,34.79999923706055,34.0255012512207,34.57350158691406,58498000,0,0.0
2015-08-13,34.459999084472656,34.701499938964844,34.10900115966797,34.32550048828125,36354000,0,0.0
2015-08-14,34.20199966430664,34.612998962402344,34.14500045776367,34.46849822998047,27598000,0,0.0
2015-08-17,34.402000427246094,34.73699951171875,34.15299987792969,34.705501556396484,24680000,0,0.0
2015-08-18,34.55350112915039,34.78799819946289,34.26599884033203,34.436500549316406,27710000,0,0.0
2015-08-19,34.50550079345703,35.0099983215332,34.34000015258789,34.70199966430664,50194000,0,0.0
2015-08-20,34.45500183105469,34.80799865722656,33.763999938964844,33.9739990234375,57798000,0,0.0
2015-08-21,33.551998138427734,33.644500732421875,32.154998779296875,32.201499938964844,91880000,0,0.0
2015-08-24,30.030000686645508,31.384000778198242,29.654499053955078,30.905500411987305,129788000,0,0.0
2015-08-25,32.32350158691406,32.349998474121094,30.583499908447266,30.62350082397461,71430000,0,0.0
2015-08-26,32.154998779296875,33.124000549316406,31.51849937438965,32.98699951171875,87740000,0,0.0
2015-08-27,33.5994987487793,33.69900131225586,32.55500030517578,33.39799880981445,58974000,0,0.0
2015-08-28,33.28799819946289,33.349998474121094,32.6875,32.984500885009766,38836000,0,0.0
2015-08-31,32.71699905395508,33.22050094604492,32.317501068115234,32.39099884033203,38936000,0,0.0
2015-09-01,31.690500259399414,32.22200012207031,31.253000259399414,31.47800064086914,51458000,0,0.0
2015-09-02,31.899999618530273,32.25299835205078,31.531999588012695,32.24549865722656,37630000,0,0.0
2015-09-03,32.39649963378906,32.5625,31.690500259399414,31.852500915527344,34572000,0,0.0
2015-09-04,31.485000610351562,31.725000381469727,31.325000762939453,31.447999954223633,40478000,0,0.0
2015-09-08,32.04999923706055,32.25199890136719,31.645000457763672,32.194000244140625,39092000,0,0.0
2015-09-09,32.59400177001953,32.86800003051758,32.04499816894531,32.170501708984375,40978000,0,0.0
2015-09-10,32.19499969482422,32.744998931884766,32.084999084472656,32.55400085449219,27850000,0,0.0
2015-09-11,32.510501861572266,32.765499114990234,32.37049865722656,32.76499938964844,34892000,0,0.0
2015-09-14,32.78150177001953,32.79600143432617,32.474998474121094,32.62350082397461,29942000,0,0.0
2015-09-15,32.83549880981445,33.442501068115234,32.66699981689453,33.253501892089844,35546000,0,0.0
2015-09-16,33.27750015258789,33.403499603271484,33.11000061035156,33.2760009765625,26252000,0,0.0
2015-09-17,33.3745002746582,34.0994987487793,33.25,33.583499908447266,47752000,0,0.0
2015-09-18,33.25299835205078,33.492000579833984,33.00149917602539,33.04600143432617,72544000,0,0.0
2015-09-21,33.2755012512207,33.45000076293945,32.900001525878906,33.3489990234375,39094000,0,0.0
2015-09-22,32.87350082397461,32.941001892089844,32.25149917602539,32.65999984741211,54362000,0,0.0
2015-09-23,32.64500045776367,33.013999938964844,32.5364990234375,32.66450119018555,29160000,0,0.0
2015-09-24,32.44850158691406,32.8385009765625,32.10850143432617,32.74549865722656,38692000,0,0.0
2015-09-25,32.92900085449219,32.92900085449219,31.982999801635742,32.00749969482422,48480000,0,0.0
2015-09-28,31.952499389648438,32.14250183105469,30.892000198364258,31.212499618530273,47646000,0,0.0
2015-09-29,31.274999618530273,31.733999252319336,30.901500701904297,31.13050079345703,42130000,0,0.0
2015-09-30,31.59149932861328,31.965499877929688,31.457500457763672,31.918500900268555,52954000,0,0.0
2015-10-01,31.89699935913086,32.19200134277344,31.555999755859375,32.099998474121094,42506000,0,0.0
2015-10-02,31.90049934387207,32.849998474121094,31.674999237060547,32.8494987487793,48788000,0,0.0
2015-10-05,33.08000183105469,33.6515007019043,32.79349899291992,33.58399963378906,37960000,0,0.0
2015-10-06,33.467498779296875,33.939998626708984,33.15399932861328,33.582000732421875,42774000,0,0.0
2015-10-07,33.869998931884766,33.9370002746582,32.90549850463867,33.5,44354000,0,0.0
2015-10-08,33.47249984741211,33.59450149536133,32.7244987487793,33.349998474121094,39308000,0,0.0
2015-10-09,33.3745002746582,33.704498291015625,33.11800003051758,33.5620002746582,32124000,0,0.0
2015-10-12,33.45949935913086,33.89899826049805,33.36199951171875,33.82149887084961,26684000,0,0.0
2015-10-13,33.7130012512207,34.42300033569336,33.65549850463867,34.15850067138672,42446000,0,0.0
2015-10-14,34.186500549316406,34.50199890136719,33.94499969482422,34.02050018310547,31292000,0,0.0
2015-10-15,34.26250076293945,34.70800018310547,34.21950149536133,34.6510009765625,47156000,0,0.0
2015-10-16,34.77000045776367,34.81100082397461,34.45500183105469,34.76599884033203,36316000,0,0.0
2015-10-19,34.70000076293945,35.012001037597656,34.61050033569336,34.997501373291016,30172000,0,0.0
2015-10-20,34.894500732421875,34.900001525878906,33.683998107910156,34.0,52434000,0,0.0
2015-10-21,34.160499572753906,34.244998931884766,33.53499984741211,33.59000015258789,31952000,0,0.0
2015-10-22,33.77199935913086,34.40250015258789,33.584999084472656,34.05699920654297,88632000,0,0.0
2015-10-23,37.50299835205078,37.625,35.89699935913086,35.96649932861328,126726000,0,0.0
2015-10-26,36.000999450683594,36.747501373291016,36.000999450683594,36.555999755859375,48776000,0,0.0
2015-10-27,36.32849884033203,36.79800033569336,36.207000732421875,36.64099884033203,38778000,0,0.0
2015-10-28,36.650001525878906,36.868499755859375,36.36349868774414,36.84600067138672,39604000,0,0.0
2015-10-29,36.83150100708008,37.339500427246094,36.757999420166016,37.24250030517578,36520000,0,0.0
2015-10-30,37.27799987792969,37.31549835205078,36.826499938964844,36.86949920654297,39984000,0,0.0
2015-11-02,36.72650146484375,37.409000396728516,36.5724983215332,37.387001037597656,39914000,0,0.0
2015-11-03,37.27149963378906,37.584999084472656,37.05799865722656,37.441001892089844,36306000,0,0.0
2015-11-04,37.494998931884766,37.994998931884766,37.459999084472656,37.765499114990234,41840000,0,0.0
2015-11-05,37.94049835205078,38.317501068115234,37.87350082397461,38.03350067138672,45486000,0,0.0
2015-11-06,37.96950149536133,38.1510009765625,37.75149917602539,38.08000183105469,33544000,0,0.0
2015-11-09,37.92599868774414,38.165000915527344,37.455501556396484,37.73849868774414,35538000,0,0.0
2015-11-10,37.67399978637695,38.029998779296875,37.420501708984375,37.91299819946289,29798000,0,0.0
2015-11-11,38.11899948120117,38.45399856567383,37.98749923706055,38.26250076293945,41866000,0,0.0
2015-11-12,38.00899887084961,38.290000915527344,37.792999267578125,37.826499938964844,35452000,0,0.0
2015-11-13,37.70199966430664,37.76649856567383,36.9734992980957,37.003501892089844,48188000,0,0.0
2015-11-16,37.010501861572266,37.58549880981445,36.71649932861328,37.520999908447266,50704000,0,0.0
2015-11-17,37.62350082397461,37.747501373291016,37.20249938964844,37.29899978637695,38864000,0,0.0
2015-11-18,37.47850036621094,38.05500030517578,37.36949920654297,38.0004997253418,36266000,0,0.0
2015-11-19,37.98899841308594,38.1614990234375,37.86149978637695,37.99700164794922,28078000,0,0.0
2015-11-20,38.46500015258789,38.965999603271484,38.20500183105469,38.849998474121094,55478000,0,0.0
2015-11-23,38.87350082397461,39.14500045776367,38.675498962402344,38.834999084472656,34648000,0,0.0
2015-11-24,38.64799880981445,38.79949951171875,37.90549850463867,38.48149871826172,47880000,0,0.0
2015-11-25,38.58449935913086,38.650001525878906,38.326499938964844,38.4630012512207,23612000,0,0.0
2015-11-27,38.45800018310547,38.70000076293945,38.349998474121094,38.5984992980957,14434000,0,0.0
2015-11-30,38.59349822998047,38.75149917602539,38.055999755859375,38.14250183105469,33586000,0,0.0
2015-12-01,38.34700012207031,39.25,38.29750061035156,39.18949890136719,40398000,0,0.0
2015-12-02,39.26250076293945,39.65250015258789,38.82149887084961,38.89250183105469,46876000,0,0.0
2015-12-03,39.02799987792969,39.2239990234375,38.122501373291016,38.40999984741211,41950000,0,0.0
2015-12-04,38.48550033569336,39.12099838256836,38.2755012512207,38.96049880981445,49800000,0,0.0
2015-12-07,39.00299835205078,39.04999923706055,38.33599853515625,38.64950180053711,36626000,0,0.0
2015-12-08,38.224998474121094,38.932498931884766,38.125999450683594,38.75699996948242,31082000,0,0.0
2015-12-09,38.55500030517578,38.804500579833984,37.60049819946289,38.127498626708984,46550000,0,0.0
2015-12-10,38.179500579833984,38.30350112915039,37.75,38.00199890136719,32458000,0,0.0
2015-12-11,37.45000076293945,37.87200164794922,37.432498931884766,37.520999908447266,43184000,0,0.0
2015-12-14,37.5629997253418,38.20750045776367,36.8129997253418,38.12699890136719,53864000,0,0.0
2015-12-15,38.38949966430664,38.73749923706055,37.900001525878906,38.00450134277344,49386000,0,0.0
2015-12-16,38.32849884033203,39.07500076293945,37.852500915527344,38.829498291015625,53120000,0,0.0
2015-12-17,39.05799865722656,39.079498291015625,38.46500015258789,38.49150085449219,36510000,0,0.0
2015-12-18,38.36149978637695,38.707000732421875,37.829498291015625,37.842498779296875,67794000,0,0.0
2015-12-21,38.15250015258789,38.317501068115234,37.70750045776367,38.040000915527344,34848000,0,0.0
2015-12-22,38.2135009765625,38.516998291015625,38.060001373291016,38.35649871826172,36338000,0,0.0
2015-12-23,38.53450012207031,38.595001220703125,37.88249969482422,38.425498962402344,30594000,0,0.0
2015-12-24,38.42599868774414,38.459999084472656,38.21950149536133,38.29199981689453,10412000,0,0.0
2015-12-28,38.5,39.14099884033203,38.38650131225586,39.11199951171875,31156000,0,0.0
2015-12-29,39.3494987487793,39.93450164794922,39.310001373291016,39.698001861572266,38430000,0,0.0
2015-12-30,39.698001861572266,39.823001861572266,39.36000061035156,39.51499938964844,28566000,0,0.0
2015-12-31,39.39099884033203,39.416500091552734,38.86600112915039,38.9005012512207,32752000,0,0.0
2016-01-04,38.11000061035156,38.11000061035156,37.37699890136719,37.97200012207031,67382000,0,0.0
2016-01-05,38.20500183105469,38.459999084472656,37.782501220703125,38.076499938964844,45216000,0,0.0
2016-01-06,37.51850128173828,38.2864990234375,37.400001525878906,37.96649932861328,48206000,0,0.0
2016-01-07,37.324501037597656,37.765499114990234,36.763999938964844,37.04999923706055,63132000,0,0.0
2016-01-08,37.38999938964844,37.50600051879883,36.44599914550781,36.545501708984375,47506000,0,0.0
2016-01-11,36.59749984741211,36.75400161743164,35.97800064086914,36.653499603271484,50896000,0,0.0
2016-01-12,37.037498474121094,37.41699981689453,36.82149887084961,37.266998291015625,46816000,0,0.0
2016-01-13,37.46699905395508,37.650001525878906,35.8390007019043,35.97850036621094,51728000,0,0.0
2016-01-14,36.22200012207031,36.99449920654297,35.25,36.56949996948242,55558000,0,0.0
2016-01-15,35.4995002746582,36.20800018310547,35.07550048828125,35.52450180053711,76676000,0,0.0
2016-01-19,36.00749969482422,36.26750183105469,35.49250030517578,35.95399856567383,48724000,0,0.0
2016-01-20,35.29499816894531,36.34749984741211,34.388999938964844,35.928001403808594,82440000,0,0.0
2016-01-21,36.00849914550781,36.88349914550781,35.55550003051758,36.333499908447266,51938000,0,0.0
2016-01-22,37.099998474121094,37.428001403808594,37.025001525878906,37.27299880981445,47146000,0,0.0
2016-01-25,37.19200134277344,37.62300109863281,36.625,36.680999755859375,45340000,0,0.0
2016-01-26,36.760501861572266,36.972999572753906,36.3484992980957,36.68949890136719,30940000,0,0.0
2016-01-27,36.794498443603516,36.794498443603516,35.67250061035156,35.87900161743164,42428000,0,0.0
2016-01-28,36.90950012207031,37.55799865722656,36.529998779296875,37.415000915527344,62104000,0,0.0
2016-01-29,37.448001861572266,38.25550079345703,37.209999084472656,38.067501068115234,75808000,0,0.0
2016-02-01,38.5629997253418,38.87950134277344,38.069000244140625,38.53850173950195,111522000,0,0.0
2016-02-02,40.025001525878906,40.51750183105469,39.029998779296875,39.045501708984375,135846000,0,0.0
2016-02-03,39.31399917602539,39.57149887084961,36.8129997253418,37.46900177001953,131114000,0,0.0
2016-02-04,37.22949981689453,37.262001037597656,36.130001068115234,36.50149917602539,104922000,0,0.0
2016-02-05,36.275001525878906,36.33599853515625,35.00699996948242,35.1879997253418,109556000,0,0.0
2016-02-08,34.38399887084961,35.22600173950195,34.10049819946289,35.20800018310547,89410000,0,0.0
2016-02-09,34.647499084472656,36.04800033569336,34.42499923706055,35.05099868774414,84300000,0,0.0
2016-02-10,35.589500427246094,36.1609992980957,35.269500732421875,35.342498779296875,60314000,0,0.0
2016-02-11,34.81700134277344,35.61600112915039,34.55950164794922,35.31800079345703,65004000,0,0.0
2016-02-12,35.61050033569336,35.79999923706055,35.07899856567383,35.34450149536133,46538000,0,0.0
2016-02-16,35.932498931884766,36.14400100708008,35.50899887084961,35.88199996948242,43444000,0,0.0
2016-02-17,36.349998474121094,36.6879997253418,35.830501556396484,36.5984992980957,49154000,0,0.0
2016-02-18,36.698001861572266,36.79999923706055,35.77750015258789,35.8754997253418,47276000,0,0.0
2016-02-19,35.79499816894531,36.201499938964844,35.65599822998047,36.105499267578125,34918000,0,0.0
2016-02-22,36.47549819946289,36.74250030517578,36.17250061035156,36.45249938964844,37516000,0,0.0
2016-02-23,36.30500030517578,36.54499816894531,35.78350067138672,35.864498138427734,41332000,0,0.0
2016-02-24,35.53049850463867,36.06100082397461,35.10100173950195,36.04499816894531,37092000,0,0.0
2016-02-25,36.14649963378906,36.47549819946289,35.6614990234375,36.45600128173828,36146000,0,0.0
2016-02-26,36.68000030517578,36.80799865722656,36.09700012207031,36.24300003051758,42474000,0,0.0
2016-02-29,36.04999923706055,36.529998779296875,35.84199905395508,35.861000061035156,45068000,0,0.0
2016-03-01,36.064998626708984,37.11650085449219,35.93199920654297,37.10850143432617,60112000,0,0.0
2016-03-02,37.14350128173828,37.15599822998047,36.662498474121094,36.9739990234375,36292000,0,0.0
2016-03-03,36.9739990234375,37.04999923706055,36.48149871826172,36.579498291015625,40534000,0,0.0
2016-03-04,36.7400016784668,36.75,36.28099822998047,36.51100158691406,48516000,0,0.0
2016-03-07,36.25749969482422,36.36050033569336,35.25699996948242,35.63999938964844,61690000,0,0.0
2016-03-08,35.419498443603516,36.11249923706055,35.20000076293945,35.67649841308594,52530000,0,0.0
2016-03-09,35.75849914550781,36.3120002746582,35.632999420166016,36.27050018310547,39544000,0,0.0
2016-03-10,36.38949966430664,36.82699966430664,36.16450119018555,36.60850143432617,44616000,0,0.0
2016-03-11,36.997501373291016,37.244998931884766,36.834999084472656,37.243499755859375,35380000,0,0.0
2016-03-14,37.24850082397461,37.7130012512207,37.18299865722656,37.512001037597656,32824000,0,0.0
2016-03-15,37.30099868774414,37.6505012512207,37.141998291015625,37.528499603271484,29832000,0,0.0
2016-03-16,37.45249938964844,37.95000076293945,37.32500076293945,37.86800003051758,29306000,0,0.0
2016-03-17,37.88249969482422,38.266998291015625,37.86800003051758,37.92399978637695,44564000,0,0.0
2016-03-18,38.08150100708008,38.106998443603516,37.590999603271484,37.77050018310547,56222000,0,0.0
2016-03-21,37.695499420166016,38.16699981689453,37.563499450683594,38.108001708984375,28774000,0,0.0
2016-03-22,37.922000885009766,38.25,37.89400100708008,38.002498626708984,22096000,0,0.0
2016-03-23,38.16749954223633,38.269500732421875,37.80149841308594,37.87799835205078,24678000,0,0.0
2016-03-24,37.560001373291016,37.87799835205078,37.525001525878906,37.742000579833984,31116000,0,0.0
2016-03-28,37.80849838256836,37.915000915527344,37.60200119018555,37.66400146484375,21676000,0,0.0
2016-03-29,37.683998107910156,38.35900115966797,37.41450119018555,38.294498443603516,40062000,0,0.0
2016-03-30,38.410499572753906,38.865501403808594,38.37900161743164,38.41699981689453,40396000,0,0.0
2016-03-31,38.41699981689453,38.45399856567383,37.912498474121094,38.14500045776367,32554000,0,0.0
2016-04-01,37.858001708984375,38.50199890136719,37.7599983215332,38.48350143432617,31674000,0,0.0
2016-04-04,38.47549819946289,38.62200164794922,38.089500427246094,38.25600051879883,26924000,0,0.0
2016-04-05,37.90650177001953,38.14350128173828,37.779998779296875,37.92850112915039,24478000,0,0.0
2016-04-06,37.891998291015625,38.42100143432617,37.814998626708984,38.403499603271484,25312000,0,0.0
2016-04-07,38.26599884033203,38.46799850463867,37.875,38.00600051879883,25498000,0,0.0
2016-04-08,38.29349899291992,38.35649871826172,37.78850173950195,37.9734992980957,23434000,0,0.0
2016-04-11,38.272499084472656,38.361000061035156,37.867000579833984,37.87699890136719,31774000,0,0.0
2016-04-12,37.92150115966797,38.24599838256836,37.57849884033203,38.215999603271484,27388000,0,0.0
2016-04-13,38.515499114990234,38.787498474121094,38.22949981689453,38.59550094604492,35426000,0,0.0
2016-04-14,38.768001556396484,38.980499267578125,38.6609992980957,38.769500732421875,26992000,0,0.0
2016-04-15,38.775001525878906,39.04650115966797,38.746498107910156,39.0,31712000,0,0.0
2016-04-18,39.009498596191406,39.4275016784668,38.88050079345703,39.38399887084961,33540000,0,0.0
2016-04-19,39.525001525878906,39.54750061035156,38.51350021362305,38.8125,43952000,0,0.0
2016-04-20,38.95800018310547,38.983001708984375,38.563499450683594,38.74599838256836,34262000,0,0.0
2016-04-21,38.865501403808594,39.08399963378906,38.57749938964844,39.0,77628000,0,0.0
2016-04-22,37.195499420166016,37.69599914550781,36.51850128173828,36.88850021362305,140798000,0,0.0
2016-04-25,36.76750183105469,37.24399948120117,36.755001068115234,37.11050033569336,49442000,0,0.0
2016-04-26,37.22100067138672,37.27949905395508,36.01599884033203,36.26850128173828,55864000,0,0.0
2016-04-27,36.26599884033203,36.35749816894531,35.45399856567383,36.073001861572266,66262000,0,0.0
2016-04-28,36.16450119018555,36.4630012512207,35.15999984741211,35.25299835205078,62590000,0,0.0
2016-04-29,35.20600128173828,35.605499267578125,35.18899917602539,35.39400100708008,58278000,0,0.0
2016-05-02,35.59600067138672,35.77050018310547,35.31800079345703,35.72050094604492,33476000,0,0.0
2016-05-03,35.625,35.66849899291992,35.36650085449219,35.422000885009766,38620000,0,0.0
2016-05-04,35.3385009765625,35.752498626708984,35.20249938964844,35.56850051879883,34172000,0,0.0
2016-05-05,35.75,35.877498626708984,35.47249984741211,35.73550033569336,29668000,0,0.0
2016-05-06,35.61000061035156,36.29949951171875,35.59749984741211,36.25899887084961,39952000,0,0.0
2016-05-09,36.334999084472656,36.714500427246094,36.17499923706055,36.45650100708008,38074000,0,0.0
2016-05-10,36.74800109863281,37.0,36.580501556396484,36.96900177001953,32634000,0,0.0
2016-05-11,37.0260009765625,37.040000915527344,36.39500045776367,36.52750015258789,29834000,0,0.0
2016-05-12,36.599998474121094,36.76850128173828,36.2135009765625,36.403499603271484,27094000,0,0.0
2016-05-13,36.33100128173828,36.56449890136719,36.175498962402344,36.24150085449219,25244000,0,0.0
2016-05-16,36.215999603271484,36.63399887084961,36.0,36.51499938964844,22538000,0,0.0
2016-05-17,36.553001403808594,36.79249954223633,35.900001525878906,36.009498596191406,33404000,0,0.0
2016-05-18,35.92499923706055,36.278499603271484,35.750999450683594,36.0890007019043,32536000,0,0.0
2016-05-19,35.915000915527344,36.025001525878906,35.515499114990234,35.765499114990234,30598000,0,0.0
2016-05-20,35.823001861572266,36.3849983215332,35.7504997253418,36.08549880981445,34798000,0,0.0
2016-05-23,35.999000549316406,36.17499923706055,35.84700012207031,35.86249923706055,24816000,0,0.0
2016-05-24,35.99250030517578,36.709999084472656,35.98249816894531,36.6515007019043,37884000,0,0.0
2016-05-25,36.75,36.99449920654297,36.630001068115234,36.904998779296875,32216000,0,0.0
2016-05-26,36.79999923706055,37.05500030517578,36.650001525878906,36.846500396728516,27202000,0,0.0
2016-05-27,36.8754997253418,37.39550018310547,36.85049819946289,37.380001068115234,34802000,0,0.0
2016-05-31,37.4379997253418,37.67399978637695,37.278499603271484,37.442501068115234,42484000,0,0.0
2016-06-01,37.423500061035156,37.56850051879883,37.21699905395508,37.42300033569336,20788000,0,0.0
2016-06-02,37.30500030517578,37.3650016784668,36.849998474121094,37.2135009765625,33916000,0,0.0
2016-06-03,37.074501037597656,37.074501037597656,36.695499420166016,36.792999267578125,24608000,0,0.0
2016-06-06,36.92499923706055,36.92499923706055,36.41450119018555,36.50299835205078,29992000,0,0.0
2016-06-07,36.66350173950195,36.83549880981445,36.540000915527344,36.554500579833984,24314000,0,0.0
2016-06-08,36.974998474121094,37.19049835205078,36.78850173950195,37.14649963378906,32314000,0,0.0
2016-06-09,36.85350036621094,37.19649887084961,36.82500076293945,37.125999450683594,19180000,0,0.0
2016-06-10,36.79750061035156,36.981998443603516,36.5255012512207,36.65950012207031,29050000,0,0.0
2016-06-13,36.49100112915039,36.95000076293945,36.49100112915039,36.59400177001953,23354000,0,0.0
2016-06-14,36.46549987792969,36.79999923706055,36.32500076293945,36.662498474121094,26584000,0,0.0
2016-06-15,36.74599838256836,36.85749816894531,36.56549835205078,36.609500885009766,23234000,0,0.0
2016-06-16,36.39799880981445,36.519500732421875,35.777000427246094,36.212501525878906,45002000,0,0.0
2016-06-17,36.06949996948242,36.06949996948242,35.055999755859375,35.212501525878906,82262000,0,0.0
2016-06-20,35.515499114990234,35.79349899291992,35.27050018310547,35.30649948120117,45654000,0,0.0
2016-06-21,35.502498626708984,35.76900100708008,35.233001708984375,35.444000244140625,30318000,0,0.0
2016-06-22,35.70249938964844,35.71049880981445,35.29399871826172,35.52349853515625,29058000,0,0.0
2016-06-23,35.52750015258789,35.74399948120117,35.01250076293945,35.743499755859375,42500000,0,0.0
2016-06-24,34.50849914550781,35.25,34.24549865722656,34.2599983215332,95436000,0,0.0
2016-06-27,34.1245002746582,34.166500091552734,33.632999420166016,34.05699920654297,58146000,0,0.0
2016-06-28,34.56850051879883,34.637001037597656,34.24250030517578,34.5629997253418,38246000,0,0.0
2016-06-29,34.7130012512207,34.974998474121094,34.63399887084961,34.759498596191406,43124000,0,0.0
2016-06-30,34.88249969482422,35.188499450683594,34.744998931884766,35.17649841308594,42250000,0,0.0
2016-07-01,35.255001068115234,35.62649917602539,35.186500549316406,35.51250076293945,30984000,0,0.0
2016-07-05,35.2504997253418,35.40599822998047,34.95650100708008,35.24449920654297,28440000,0,0.0
2016-07-06,34.992000579833984,35.650001525878906,34.95000076293945,35.44850158691406,28902000,0,0.0
2016-07-07,35.50550079345703,35.50849914550781,35.03350067138672,35.362998962402344,21174000,0,0.0
2016-07-08,35.52799987792969,35.89500045776367,35.40549850463867,35.888999938964844,29946000,0,0.0
2016-07-11,35.97100067138672,36.44649887084961,35.94350051879883,36.36000061035156,28822000,0,0.0
2016-07-12,36.59600067138672,36.779998779296875,36.375,36.6254997253418,26468000,0,0.0
2016-07-13,36.7760009765625,36.7760009765625,36.45100021362305,36.4739990234375,20436000,0,0.0
2016-07-14,36.696998596191406,36.80699920654297,36.52949905395508,36.790000915527344,21408000,0,0.0
2016-07-15,37.04999923706055,37.04999923706055,36.731998443603516,36.78150177001953,32342000,0,0.0
2016-07-18,36.89550018310547,37.75699996948242,36.82550048828125,37.65999984741211,38698000,0,0.0
2016-07-19,37.493499755859375,37.829498291015625,37.42449951171875,37.670501708984375,30436000,0,0.0
2016-07-20,37.70249938964844,38.03200149536133,37.70249938964844,37.854000091552734,22502000,0,0.0
2016-07-21,37.849998474121094,37.907501220703125,37.57600021362305,37.72050094604492,19062000,0,0.0
2016-07-22,37.86600112915039,37.97249984741211,37.632999420166016,37.9640007019043,20920000,0,0.0
2016-07-25,37.88399887084961,37.99100112915039,37.70349884033203,37.875999450683594,21466000,0,0.0
2016-07-26,37.875999450683594,37.9630012512207,37.63750076293945,37.88249969482422,23792000,0,0.0
2016-07-27,37.94850158691406,38.22249984741211,37.79650115966797,38.0984992980957,32172000,0,0.0
2016-07-28,38.44200134277344,38.44850158691406,37.954498291015625,38.29199981689453,73464000,0,0.0
2016-07-29,39.885501861572266,40.196998596191406,39.5,39.56700134277344,101810000,0,0.0
2016-08-01,39.333499908447266,40.3745002746582,39.25199890136719,40.047000885009766,60594000,0,0.0
2016-08-02,39.86650085449219,40.11600112915039,39.72650146484375,40.00600051879883,39928000,0,0.0
2016-08-03,39.82350158691406,39.97700119018555,39.6510009765625,39.94599914550781,29206000,0,0.0
2016-08-04,39.9119987487793,40.0099983215332,39.69599914550781,39.86249923706055,21520000,0,0.0
2016-08-05,40.00550079345703,40.361000061035156,39.890499114990234,40.346500396728516,36146000,0,0.0
2016-08-08,40.29999923706055,40.380001068115234,40.08449935913086,40.26150131225586,24426000,0,0.0
2016-08-09,40.2244987487793,40.666500091552734,40.202999114990234,40.374000549316406,32154000,0,0.0
2016-08-10,40.352500915527344,40.54399871826172,40.324501037597656,40.42449951171875,18370000,0,0.0
2016-08-11,40.52349853515625,40.694000244140625,40.29999923706055,40.40999984741211,25646000,0,0.0
2016-08-12,40.25450134277344,40.359500885009766,40.18199920654297,40.352500915527344,17946000,0,0.0
2016-08-15,40.36050033569336,40.56800079345703,40.201499938964844,40.29800033569336,18596000,0,0.0
2016-08-16,40.17499923706055,40.2130012512207,39.849998474121094,40.05950164794922,21158000,0,0.0
2016-08-17,40.0,40.28150177001953,39.814998626708984,40.270999908447266,21322000,0,0.0
2016-08-18,40.268001556396484,40.400001525878906,40.08150100708008,40.13750076293945,17292000,0,0.0
2016-08-19,39.989498138427734,40.061500549316406,39.84400177001953,39.98249816894531,22416000,0,0.0
2016-08-22,39.925498962402344,39.96500015258789,39.71649932861328,39.84749984741211,17056000,0,0.0
2016-08-23,40.02399826049805,40.04999923706055,39.79949951171875,39.829498291015625,18350000,0,0.0
2016-08-24,39.84299850463867,39.92300033569336,39.53799819946289,39.68000030517578,25672000,0,0.0
2016-08-25,39.599998474121094,39.736000061035156,39.36149978637695,39.564998626708984,24054000,0,0.0
2016-08-26,39.6245002746582,39.970001220703125,39.47050094604492,39.6609992980957,24978000,0,0.0
2016-08-29,39.65250015258789,39.92599868774414,39.51599884033203,39.79100036621094,15474000,0,0.0
2016-08-30,39.64400100708008,39.900001525878906,39.4734992980957,39.59600067138672,23348000,0,0.0
2016-08-31,39.47999954223633,39.57849884033203,39.36000061035156,39.49250030517578,21428000,0,0.0
2016-09-01,39.5989990234375,39.644500732421875,39.31650161743164,39.56999969482422,26070000,0,0.0
2016-09-02,39.76350021362305,39.85499954223633,39.66299819946289,39.84349822998047,26998000,0,0.0
2016-09-06,39.919498443603516,40.544498443603516,39.77149963378906,40.4010009765625,39790000,0,0.0
2016-09-07,40.39649963378906,40.529998779296875,40.18600082397461,40.39950180053711,22906000,0,0.0
2016-09-08,40.26100158691406,40.42100143432617,40.050498962402344,40.141998291015625,23554000,0,0.0
2016-09-09,39.938499450683594,40.087501525878906,39.40250015258789,39.42399978637695,37752000,0,0.0
2016-09-12,39.22600173950195,40.00849914550781,39.17499923706055,39.941001892089844,37274000,0,0.0
2016-09-13,39.70050048828125,39.78950119018555,39.21649932861328,39.43600082397461,36180000,0,0.0
2016-09-14,39.37649917602539,39.81650161743164,39.37649917602539,39.52299880981445,25842000,0,0.0
2016-09-15,39.5004997253418,40.182498931884766,39.43299865722656,40.061500549316406,31144000,0,0.0
2016-09-16,39.95100021362305,39.95100021362305,39.680999755859375,39.89849853515625,42612000,0,0.0
2016-09-19,40.05550003051758,40.199501037597656,39.678001403808594,39.769500732421875,22990000,0,0.0
2016-09-20,40.0,40.13750076293945,39.91299819946289,39.98899841308594,20984000,0,0.0
2016-09-21,40.0629997253418,40.295501708984375,39.80149841308594,40.25149917602539,26970000,0,0.0
2016-09-22,40.5,40.952999114990234,40.385501861572266,40.79750061035156,35186000,0,0.0
2016-09-23,40.75699996948242,40.849998474121094,40.63650131225586,40.74800109863281,28234000,0,0.0
2016-09-26,40.49100112915039,40.50400161743164,40.022499084472656,40.13249969482422,29454000,0,0.0
2016-09-27,40.09149932861328,40.67449951171875,40.09149932861328,40.5364990234375,27346000,0,0.0
2016-09-28,40.20399856567383,40.51250076293945,40.138999938964844,40.50299835205078,29406000,0,0.0
2016-09-29,40.36149978637695,40.695499420166016,40.042999267578125,40.13199996948242,27000000,0,0.0
2016-09-30,40.18000030517578,40.40449905395508,40.07500076293945,40.202999114990234,33204000,0,0.0
2016-10-03,40.127498626708984,40.176998138427734,39.811500549316406,40.01900100708008,29784000,0,0.0
2016-10-04,40.25,40.32500076293945,39.98350143432617,40.13949966430664,25174000,0,0.0
2016-10-05,40.29999923706055,40.42499923706055,40.035499572753906,40.061500549316406,24276000,0,0.0
2016-10-06,40.20399856567383,40.34749984741211,40.0255012512207,40.15399932861328,21998000,0,0.0
2016-10-07,40.29650115966797,40.297000885009766,39.840999603271484,40.035499572753906,23262000,0,0.0
2016-10-10,40.19649887084961,40.86899948120117,40.11199951171875,40.708499908447266,29922000,0,0.0
2016-10-11,40.708499908447266,40.99300003051758,40.368499755859375,40.47850036621094,34432000,0,0.0
2016-10-12,40.597999572753906,40.724998474121094,40.4275016784668,40.5885009765625,18158000,0,0.0
2016-10-13,40.30350112915039,40.327999114990234,39.930999755859375,40.20399856567383,27380000,0,0.0
2016-10-14,40.372501373291016,40.50450134277344,40.11600112915039,40.22999954223633,22238000,0,0.0
2016-10-17,40.29949951171875,40.67449951171875,40.19150161743164,40.34199905395508,21128000,0,0.0
2016-10-18,40.71049880981445,41.44049835205078,40.666500091552734,41.074501037597656,45786000,0,0.0
2016-10-19,41.14400100708008,41.4900016784668,41.14400100708008,41.34199905395508,30002000,0,0.0
2016-10-20,41.37799835205078,41.423500061035156,41.02750015258789,41.08150100708008,27878000,0,0.0
2016-10-21,41.0,41.214500427246094,40.91550064086914,41.202999114990234,32316000,0,0.0
2016-10-24,41.50450134277344,41.89699935913086,41.45199966430664,41.7869987487793,28952000,0,0.0
2016-10-25,41.92499923706055,41.92499923706055,41.26499938964844,41.4275016784668,37814000,0,0.0
2016-10-26,41.35599899291992,41.385501861572266,40.817501068115234,41.10499954223633,35898000,0,0.0
2016-10-27,41.1505012512207,41.32899856567383,40.730499267578125,40.86750030517578,59470000,0,0.0
2016-10-28,41.49700164794922,41.95000076293945,40.849998474121094,40.97800064086914,87098000,0,0.0
2016-10-31,41.121498107910156,41.131500244140625,40.400001525878906,40.494998931884766,44854000,0,0.0
2016-11-01,40.54349899291992,40.698001861572266,39.91299819946289,40.27399826049805,47118000,0,0.0
2016-11-02,40.3380012512207,40.3380012512207,39.25,39.42100143432617,47014000,0,0.0
2016-11-03,39.224998474121094,39.5,38.93149948120117,39.109500885009766,43504000,0,0.0
2016-11-04,38.564998626708984,39.42399978637695,38.54999923706055,39.05500030517578,39412000,0,0.0
2016-11-07,39.747501373291016,40.25,39.64500045776367,40.10150146484375,39852000,0,0.0
2016-11-08,40.10150146484375,40.801998138427734,39.98099899291992,40.5989990234375,35382000,0,0.0
2016-11-09,40.09149932861328,40.58549880981445,39.60200119018555,40.27949905395508,61970000,0,0.0
2016-11-10,40.5,40.50299835205078,38.4114990234375,39.01449966430664,118192000,0,0.0
2016-11-11,38.84049987792969,38.864498138427734,38.277000427246094,38.587501525878906,71852000,0,0.0
2016-11-14,38.5880012512207,38.5890007019043,37.179500579833984,37.6609992980957,73766000,0,0.0
2016-11-15,38.27349853515625,39.012001037597656,38.26100158691406,38.757999420166016,58878000,0,0.0
2016-11-16,38.520999908447266,39.17499923706055,38.31650161743164,38.999000549316406,35968000,0,0.0
2016-11-17,39.125,39.44499969482422,38.99250030517578,39.30799865722656,30674000,0,0.0
2016-11-18,39.35850143432617,39.56449890136719,38.76750183105469,38.798500061035156,36126000,0,0.0
2016-11-21,38.904998779296875,39.32749938964844,38.814998626708984,39.2400016784668,32616000,0,0.0
2016-11-22,39.449501037597656,39.688499450683594,39.1870002746582,39.25,27884000,0,0.0
2016-11-23,39.47600173950195,39.47600173950195,38.63249969482422,38.95000076293945,26260000,0,0.0
2016-11-25,39.13050079345703,39.14500045776367,38.90950012207031,39.01150131225586,12270000,0,0.0
2016-11-28,38.91749954223633,39.98699951171875,38.904998779296875,39.28950119018555,51508000,0,0.0
2016-11-29,39.41899871826172,39.821998596191406,39.266998291015625,39.47200012207031,31240000,0,0.0
2016-11-30,39.45500183105469,39.57550048828125,38.657501220703125,38.79399871826172,45582000,0,0.0
2016-12-01,38.9275016784668,38.93000030517578,37.667999267578125,38.21649932861328,57342000,0,0.0
2016-12-02,38.095001220703125,38.525001525878906,37.95000076293945,38.222999572753906,34376000,0,0.0
2016-12-05,38.5,39.0,38.3484992980957,38.9109992980957,33770000,0,0.0
2016-12-06,39.009498596191406,39.263999938964844,38.66600036621094,38.808998107910156,34682000,0,0.0
2016-12-07,38.997501373291016,39.599998474121094,38.67649841308594,39.57350158691406,40588000,0,0.0
2016-12-08,39.647499084472656,39.95000076293945,39.39550018310547,39.75849914550781,32250000,0,0.0
2016-12-09,39.96500015258789,40.497501373291016,39.90250015258789,40.47249984741211,38090000,0,0.0
2016-12-12,40.24100112915039,40.567501068115234,40.22650146484375,40.39500045776367,32572000,0,0.0
2016-12-13,40.61949920654297,41.21500015258789,40.59700012207031,40.766998291015625,42564000,0,0.0
2016-12-14,40.79600143432617,41.2130012512207,40.638999938964844,40.894500732421875,35994000,0,0.0
2016-12-15,40.86800003051758,41.150001525878906,40.599998474121094,40.782501220703125,35394000,0,0.0
2016-12-16,40.91550064086914,40.959999084472656,40.40599822998047,40.492000579833984,51978000,0,0.0
2016-12-19,40.4640007019043,40.81100082397461,40.224998474121094,40.625,25272000,0,0.0
2016-12-20,40.66849899291992,40.824501037597656,40.54999923706055,40.7599983215332,25438000,0,0.0
2016-12-21,40.7859992980957,40.7859992980957,40.255001068115234,40.61000061035156,29192000,0,0.0
2016-12-22,40.45500183105469,40.55350112915039,40.30149841308594,40.48400115966797,22632000,0,0.0
2016-12-23,40.4005012512207,40.548500061035156,40.25550079345703,40.38999938964844,15310000,0,0.0
2016-12-27,40.433998107910156,40.79999923706055,40.290000915527344,40.496498107910156,19520000,0,0.0
2016-12-28,40.666500091552734,40.666500091552734,40.12200164794922,40.22850036621094,24296000,0,0.0
2016-12-29,40.11650085449219,40.287498474121094,39.90700149536133,40.14400100708008,21148000,0,0.0
2016-12-30,40.160499572753906,40.16450119018555,39.48099899291992,39.622501373291016,34718000,0,0.0
2017-01-03,40.03099822998047,40.571998596191406,39.84450149536133,40.4005012512207,39180000,0,0.0
2017-01-04,40.49449920654297,40.67150115966797,40.205501556396484,40.38850021362305,30306000,0,0.0
2017-01-05,40.375,40.6870002746582,40.29600143432617,40.6510009765625,26810000,0,0.0
2017-01-06,40.7495002746582,41.448001861572266,40.57500076293945,41.260501861572266,40342000,0,0.0
2017-01-09,41.31850051879883,41.52149963378906,41.08100128173828,41.35900115966797,28178000,0,0.0
2017-01-10,41.35350036621094,41.47050094604492,41.15700149536133,41.300498962402344,23948000,0,0.0
2017-01-11,41.33100128173828,41.494998931884766,41.07350158691406,41.49300003051758,26508000,0,0.0
2017-01-12,41.41899871826172,41.51900100708008,41.050498962402344,41.47650146484375,26990000,0,0.0
2017-01-13,41.54999923706055,41.73249816894531,41.47600173950195,41.547000885009766,25804000,0,0.0
2017-01-17,41.5,41.50899887084961,41.15999984741211,41.37300109863281,28818000,0,0.0
2017-01-18,41.4900016784668,41.490501403808594,41.20399856567383,41.45100021362305,20554000,0,0.0
2017-01-19,41.45000076293945,41.650001525878906,41.198001861572266,41.21849822998047,21410000,0,0.0
2017-01-20,41.454498291015625,41.46200180053711,41.22999954223633,41.40850067138672,26124000,0,0.0
2017-01-23,41.580501556396484,42.277000427246094,41.435001373291016,42.221500396728516,49148000,0,0.0
2017-01-24,42.3489990234375,42.57600021362305,42.11399841308594,42.47650146484375,33768000,0,0.0
2017-01-25,42.6775016784668,42.93949890136719,42.48699951171875,42.92250061035156,33108000,0,0.0
2017-01-26,42.95249938964844,43.04999923706055,42.5260009765625,42.8489990234375,69866000,0,0.0
2017-01-27,42.95000076293945,43.349998474121094,42.095001220703125,42.25149917602539,75050000,0,0.0
2017-01-30,41.85300064086914,41.86149978637695,41.05149841308594,41.19150161743164,70338000,0,0.0
2017-01-31,40.974998474121094,41.153499603271484,40.66999816894531,41.009498596191406,40404000,0,0.0
2017-02-01,41.20000076293945,41.20000076293945,40.61249923706055,40.762001037597656,45020000,0,0.0
2017-02-02,40.75,41.22800064086914,40.602500915527344,40.91299819946289,33784000,0,0.0
2017-02-03,41.15650177001953,41.30649948120117,40.967498779296875,41.006500244140625,30562000,0,0.0
2017-02-06,41.04600143432617,41.11949920654297,40.714500427246094,41.08100128173828,27018000,0,0.0
2017-02-07,41.275001525878906,41.59600067138672,41.16450119018555,41.46149826049805,33332000,0,0.0
2017-02-08,41.5265007019043,41.712501525878906,41.25550079345703,41.49399948120117,26044000,0,0.0
2017-02-09,41.58649826049805,41.5989990234375,41.32500076293945,41.50299835205078,23884000,0,0.0
2017-02-10,41.647499084472656,41.85749816894531,41.5255012512207,41.74250030517578,28302000,0,0.0
2017-02-13,41.8849983215332,42.08700180053711,41.8125,41.948001861572266,25914000,0,0.0
2017-02-14,41.98849868774414,42.099998474121094,41.791500091552734,42.00149917602539,27266000,0,0.0
2017-02-15,41.94049835205078,42.0885009765625,41.81100082397461,41.86600112915039,27144000,0,0.0
2017-02-16,41.92499923706055,42.134498596191406,41.862998962402344,42.10850143432617,20102000,0,0.0
2017-02-17,42.06549835205078,42.34700012207031,41.98899841308594,42.32749938964844,29224000,0,0.0
2017-02-21,42.39950180053711,42.61000061035156,42.32749938964844,42.4635009765625,25206000,0,0.0
2017-02-22,42.400001525878906,42.68949890136719,42.33549880981445,42.56800079345703,24488000,0,0.0
2017-02-23,42.55400085449219,42.63100051879883,42.125,42.54999923706055,27734000,0,0.0
2017-02-24,42.38249969482422,42.417999267578125,42.14799880981445,42.390499114990234,26924000,0,0.0
2017-02-27,42.247501373291016,42.53350067138672,42.1505012512207,42.48350143432617,20206000,0,0.0
2017-02-28,42.36750030517578,42.44150161743164,42.071998596191406,42.246498107910156,27662000,0,0.0
2017-03-01,42.569000244140625,42.900001525878906,42.45100021362305,42.837501525878906,36374000,0,0.0
2017-03-02,42.81549835205078,42.824501037597656,42.43600082397461,42.49250030517578,25018000,0,0.0
2017-03-03,42.446998596191406,42.54100036621094,42.23550033569336,42.45399856567383,20100000,0,0.0
2017-03-06,42.34299850463867,42.446998596191406,42.05849838256836,42.36349868774414,20958000,0,0.0
2017-03-07,42.362998962402344,42.666500091552734,42.2760009765625,42.557498931884766,20774000,0,0.0
2017-03-08,42.65599822998047,42.846500396728516,42.5625,42.68199920654297,20576000,0,0.0
2017-03-09,42.68450164794922,43.035499572753906,42.63349914550781,42.891998291015625,26954000,0,0.0
2017-03-10,43.1349983215332,43.21149826049805,42.88050079345703,43.070499420166016,26732000,0,0.0
2017-03-13,43.041500091552734,43.35649871826172,43.04100036621094,43.229000091552734,23332000,0,0.0
2017-03-14,43.1875,43.37900161743164,43.006500244140625,43.295501708984375,21234000,0,0.0
2017-03-15,43.39699935913086,43.49399948120117,43.064998626708984,43.419498443603516,26658000,0,0.0
2017-03-16,43.5265007019043,43.635501861572266,43.375999450683594,43.5,22090000,0,0.0
2017-03-17,43.683998107910156,43.72100067138672,43.41849899291992,43.618499755859375,37366000,0,0.0
2017-03-20,43.4739990234375,43.516998291015625,43.23350143432617,43.39550018310547,30844000,0,0.0
2017-03-21,43.50299835205078,43.673500061035156,42.384498596191406,42.50699996948242,50760000,0,0.0
2017-03-22,42.4739990234375,42.76750183105469,42.349998474121094,42.4900016784668,27334000,0,0.0
2017-03-23,42.06949996948242,42.08449935913086,41.650001525878906,41.98249816894531,65754000,0,0.0
2017-03-24,42.099998474121094,42.20000076293945,41.45500183105469,41.75699996948242,42114000,0,0.0
2017-03-27,41.40449905395508,42.069000244140625,41.21500015258789,41.925498962402344,38692000,0,0.0
2017-03-28,41.984500885009766,42.27000045776367,41.61349868774414,42.03150177001953,30384000,0,0.0
2017-03-29,42.13750076293945,42.579498291015625,42.069000244140625,42.493499755859375,29146000,0,0.0
2017-03-30,42.5989990234375,42.599998474121094,42.3385009765625,42.4739990234375,18988000,0,0.0
2017-03-31,42.34149932861328,42.47800064086914,42.262001037597656,42.38999938964844,28820000,0,0.0
2017-04-03,42.4375,42.95000076293945,42.37649917602539,42.837501525878906,39388000,0,0.0
2017-04-04,42.400001525878906,42.650001525878906,42.3754997253418,42.628501892089844,26970000,0,0.0
2017-04-05,42.73550033569336,43.02949905395508,42.375999450683594,42.445499420166016,37104000,0,0.0
2017-04-06,42.474998474121094,42.679500579833984,42.20000076293945,42.255001068115234,30672000,0,0.0
2017-04-07,42.25,42.29399871826172,41.8650016784668,42.10499954223633,22232000,0,0.0
2017-04-10,42.07699966430664,42.33700180053711,42.03950119018555,42.084999084472656,20924000,0,0.0
2017-04-11,42.084999084472656,42.23149871826172,41.72999954223633,41.99399948120117,19486000,0,0.0
2017-04-12,41.92300033569336,42.18600082397461,41.87950134277344,42.073001861572266,22716000,0,0.0
2017-04-13,42.051998138427734,42.186500549316406,41.89250183105469,42.00899887084961,21474000,0,0.0
2017-04-17,42.069000244140625,42.78200149536133,42.05149841308594,42.756500244140625,20982000,0,0.0
2017-04-18,42.62699890136719,42.86949920654297,42.5625,42.699501037597656,18724000,0,0.0
2017-04-19,42.86949920654297,43.0099983215332,42.67649841308594,42.82550048828125,21606000,0,0.0
2017-04-20,42.98699951171875,43.19649887084961,42.875,43.00400161743164,23776000,0,0.0
2017-04-21,43.03099822998047,43.12200164794922,42.88650131225586,42.9474983215332,23458000,0,0.0
2017-04-24,43.422000885009766,43.99800109863281,43.30550003051758,43.94649887084961,33930000,0,0.0
2017-04-25,44.112998962402344,44.61249923706055,43.9640007019043,44.44200134277344,40760000,0,0.0
2017-04-26,44.56949996948242,44.64950180053711,44.25749969482422,44.457000732421875,26466000,0,0.0
2017-04-27,44.5,44.66899871826172,44.35900115966797,44.571998596191406,46846000,0,0.0
2017-04-28,46.45000076293945,46.79499816894531,46.1609992980957,46.22600173950195,76918000,0,0.0
2017-05-01,46.20750045776367,46.79100036621094,46.040000915527344,46.64099884033203,46556000,0,0.0
2017-05-02,46.66350173950195,47.14950180053711,46.54999923706055,46.85449981689453,35026000,0,0.0
2017-05-03,46.8025016784668,47.5099983215332,46.760501861572266,47.42250061035156,36496000,0,0.0
2017-05-04,47.51449966430664,47.957000732421875,47.368499755859375,47.736000061035156,38752000,0,0.0
2017-05-05,47.83599853515625,47.922000885009766,47.404998779296875,47.513999938964844,32310000,0,0.0
2017-05-08,47.372501373291016,48.04949951171875,47.369998931884766,47.93450164794922,37534000,0,0.0
2017-05-09,48.06650161743164,48.11000061035156,47.720001220703125,47.83549880981445,33758000,0,0.0
2017-05-10,47.81100082397461,47.83549880981445,47.492000579833984,47.742000579833984,22920000,0,0.0
2017-05-11,47.56449890136719,47.89950180053711,47.43050003051758,47.794498443603516,20622000,0,0.0
2017-05-12,47.89250183105469,47.89899826049805,47.60300064086914,47.75699996948242,24298000,0,0.0
2017-05-15,47.76449966430664,48.1349983215332,47.64099884033203,47.96099853515625,26754000,0,0.0
2017-05-16,48.1775016784668,48.29499816894531,48.01750183105469,48.230499267578125,22030000,0,0.0
2017-05-17,47.98500061035156,48.04949951171875,47.00299835205078,47.10850143432617,48982000,0,0.0
2017-05-18,47.15999984741211,47.70899963378906,47.063499450683594,47.525001525878906,36010000,0,0.0
2017-05-19,47.64099884033203,47.97800064086914,47.599998474121094,47.73249816894531,27206000,0,0.0
2017-05-22,47.849998474121094,48.24100112915039,47.827999114990234,48.20349884033203,27748000,0,0.0
2017-05-23,48.49800109863281,48.72549819946289,48.224998474121094,48.52750015258789,30908000,0,0.0
2017-05-24,48.76300048828125,48.90599822998047,48.58150100708008,48.88050079345703,22660000,0,0.0
2017-05-25,48.95000076293945,49.78900146484375,48.89099884033203,49.59299850463867,39082000,0,0.0
2017-05-26,49.599998474121094,49.81949996948242,49.36800003051758,49.66350173950195,32728000,0,0.0
2017-05-30,49.625,49.88100051879883,49.56800079345703,49.80849838256836,30324000,0,0.0
2017-05-31,49.81050109863281,49.97999954223633,49.08399963378906,49.35449981689453,34482000,0,0.0
2017-06-01,49.54800033569336,49.65700149536133,49.06449890136719,49.41450119018555,26128000,0,0.0
2017-06-02,49.429500579833984,49.82400131225586,49.35350036621094,49.805999755859375,34710000,0,0.0
2017-06-05,49.894500732421875,50.369998931884766,49.772499084472656,50.194000244140625,27578000,0,0.0
2017-06-06,50.16550064086914,50.43050003051758,49.7400016784668,49.83399963378906,31042000,0,0.0
2017-06-07,49.954498291015625,50.195499420166016,49.79349899291992,50.07500076293945,27482000,0,0.0
2017-06-08,50.21149826049805,50.279998779296875,49.83100128173828,50.2140007019043,33758000,0,0.0
2017-06-09,50.27450180053711,50.275001525878906,47.66849899291992,48.50600051879883,72958000,0,0.0
2017-06-12,47.93600082397461,48.400001525878906,46.84000015258789,48.09049987792969,84042000,0,0.0
2017-06-13,48.60200119018555,48.89550018310547,48.10049819946289,48.525001525878906,40108000,0,0.0
2017-06-14,48.775001525878906,48.98500061035156,47.97549819946289,48.39649963378906,30110000,0,0.0
2017-06-15,47.4010009765625,48.034000396728516,47.01850128173828,48.00899887084961,48552000,0,0.0
2017-06-16,47.89550018310547,47.997501373291016,47.435001373291016,47.930999755859375,51184000,0,0.0
2017-06-19,48.48249816894531,48.96500015258789,48.40999984741211,48.76100158691406,29376000,0,0.0
2017-06-20,48.765499114990234,49.03950119018555,48.40999984741211,48.449501037597656,25946000,0,0.0
2017-06-21,48.53950119018555,48.977500915527344,48.47249984741211,48.929500579833984,23232000,0,0.0
2017-06-22,48.84349822998047,49.025001525878906,48.66550064086914,48.83100128173828,20190000,0,0.0
2017-06-23,48.775001525878906,49.33100128173828,48.722999572753906,49.304500579833984,31280000,0,0.0
2017-06-26,49.5,49.699501037597656,48.51649856567383,48.60449981689453,30358000,0,0.0
2017-06-27,48.08000183105469,48.361000061035156,47.35449981689453,47.40449905395508,48872000,0,0.0
2017-06-28,47.53300094604492,48.1619987487793,46.80799865722656,48.050498962402344,54912000,0,0.0
2017-06-29,47.567501068115234,47.58300018310547,46.47999954223633,46.89099884033203,64134000,0,0.0
2017-06-30,47.199501037597656,47.25,46.480499267578125,46.48400115966797,45754000,0,0.0
2017-07-03,46.6609992980957,46.71200180053711,45.765499114990234,45.972999572753906,33896000,0,0.0
2017-07-05,46.209999084472656,46.81449890136719,45.93149948120117,46.612998962402344,41882000,0,0.0
2017-07-06,46.25,46.80699920654297,45.99250030517578,46.384498596191406,40298000,0,0.0
2017-07-07,46.54949951171875,47.233001708984375,46.489498138427734,47.04050064086914,33266000,0,0.0
2017-07-10,47.09749984741211,47.65650177001953,47.09749984741211,47.54999923706055,29030000,0,0.0
2017-07-11,47.5260009765625,47.74449920654297,47.25600051879883,47.67649841308594,29224000,0,0.0
2017-07-12,48.042999267578125,48.48149871826172,47.85200119018555,48.382999420166016,32042000,0,0.0
2017-07-13,48.540000915527344,48.935001373291016,48.2400016784668,48.442501068115234,30492000,0,0.0
2017-07-14,48.70000076293945,48.87699890136719,48.50749969482422,48.84550094604492,21592000,0,0.0
2017-07-17,48.816001892089844,49.16749954223633,48.540000915527344,48.79800033569336,33210000,0,0.0
2017-07-18,48.667999267578125,49.54249954223633,48.60200119018555,49.34749984741211,28266000,0,0.0
2017-07-19,49.5004997253418,49.779998779296875,49.35049819946289,49.63850021362305,28242000,0,0.0
2017-07-20,49.849998474121094,49.933998107910156,49.23099899291992,49.609500885009766,28368000,0,0.0
2017-07-21,49.45000076293945,49.75550079345703,49.208499908447266,49.69200134277344,29266000,0,0.0
2017-07-24,49.70500183105469,50.30950164794922,49.51350021362305,49.91550064086914,79690000,0,0.0
2017-07-25,48.53499984741211,48.83649826049805,48.189998626708984,48.451499938964844,118672000,0,0.0
2017-07-26,48.638999938964844,48.6974983215332,48.01150131225586,48.265499114990234,44432000,0,0.0
2017-07-27,48.45899963378906,48.47600173950195,46.85300064086914,47.6254997253418,74358000,0,0.0
2017-07-28,47.39950180053711,48.089500427246094,47.265499114990234,47.916500091552734,36276000,0,0.0
2017-07-31,48.0,48.05950164794922,47.08649826049805,47.275001525878906,45670000,0,0.0
2017-08-01,47.390499114990234,47.7244987487793,47.24800109863281,47.327999114990234,28052000,0,0.0
2017-08-02,47.41849899291992,47.45500183105469,46.625999450683594,47.38199996948242,40788000,0,0.0
2017-08-03,47.45500183105469,47.5,46.97200012207031,47.01499938964844,22478000,0,0.0
2017-08-04,47.1974983215332,47.37699890136719,46.9900016784668,47.28950119018555,25092000,0,0.0
2017-08-07,47.375999450683594,47.448001861572266,47.17499923706055,47.287498474121094,28916000,0,0.0
2017-08-08,47.214500427246094,47.6245002746582,47.124000549316406,47.20949935913086,30102000,0,0.0
2017-08-09,46.92250061035156,47.1879997253418,46.69599914550781,47.00400161743164,28018000,0,0.0
2017-08-10,46.75,46.814998626708984,46.0890007019043,46.179500579833984,54148000,0,0.0
2017-08-11,46.18550109863281,46.667999267578125,46.06100082397461,46.50450134277344,32334000,0,0.0
2017-08-14,46.95349884033203,47.051998138427734,46.7244987487793,46.94649887084961,23012000,0,0.0
2017-08-15,47.05149841308594,47.153499603271484,46.832000732421875,46.90399932861328,22130000,0,0.0
2017-08-16,47.0625,47.494998931884766,47.00199890136719,47.2135009765625,26906000,0,0.0
2017-08-17,47.147499084472656,47.19049835205078,46.38199996948242,46.382999420166016,33914000,0,0.0
2017-08-18,46.3489990234375,46.55099868774414,46.17250061035156,46.308998107910156,26748000,0,0.0
2017-08-21,46.28850173950195,46.412498474121094,45.93000030517578,46.04349899291992,26024000,0,0.0
2017-08-22,46.347999572753906,47.097999572753906,46.30849838256836,47.02000045776367,35502000,0,0.0
2017-08-23,46.849998474121094,47.27149963378906,46.762001037597656,47.12900161743164,22690000,0,0.0
2017-08-24,47.18550109863281,47.31549835205078,46.5369987487793,46.84450149536133,25892000,0,0.0
2017-08-25,46.96049880981445,47.0364990234375,46.505001068115234,46.525001525878906,23746000,0,0.0
2017-08-28,46.59400177001953,46.74250030517578,46.30550003051758,46.40650177001953,20988000,0,0.0
2017-08-29,45.997501373291016,46.90950012207031,45.96549987792969,46.787498474121094,23172000,0,0.0
2017-08-30,46.78350067138672,47.292999267578125,46.70249938964844,47.18149948120117,22406000,0,0.0
2017-08-31,47.314998626708984,47.86000061035156,47.3125,47.762001037597656,33866000,0,0.0
2017-09-01,47.87350082397461,47.916500091552734,47.513999938964844,47.5994987487793,20858000,0,0.0
2017-09-05,47.34299850463867,47.56949996948242,46.779998779296875,47.07400131225586,29148000,0,0.0
2017-09-06,47.19350051879883,47.224998474121094,46.63399887084961,47.10100173950195,27830000,0,0.0
2017-09-07,47.212501525878906,47.525001525878906,46.87649917602539,47.49449920654297,22332000,0,0.0
2017-09-08,47.48500061035156,47.53499984741211,47.0004997253418,47.070499420166016,19998000,0,0.0
2017-09-11,47.36000061035156,47.63399887084961,47.04999923706055,47.16450119018555,26748000,0,0.0
2017-09-12,47.34600067138672,47.40449905395508,46.875,47.33250045776367,25696000,0,0.0
2017-09-13,47.275001525878906,47.64250183105469,47.23699951171875,47.52199935913086,21908000,0,0.0
2017-09-14,47.29999923706055,47.4015007019043,46.917999267578125,47.006500244140625,28548000,0,0.0
2017-09-15,47.00450134277344,47.087501525878906,46.5625,46.76449966430664,39886000,0,0.0
2017-09-18,46.7504997253418,46.84299850463867,46.27000045776367,46.48749923706055,29474000,0,0.0
2017-09-19,46.670501708984375,46.89699935913086,46.33300018310547,46.84299850463867,24854000,0,0.0
2017-09-20,46.88650131225586,47.5,46.875,47.37699890136719,40080000,0,0.0
2017-09-21,47.40650177001953,47.63999938964844,46.96900177001953,47.377498626708984,27414000,0,0.0
2017-09-22,47.13850021362305,47.5,47.04199981689453,47.16299819946289,21496000,0,0.0
2017-09-25,46.97249984741211,46.98749923706055,46.22549819946289,46.7140007019043,37468000,0,0.0
2017-09-26,46.83449935913086,47.20399856567383,46.75600051879883,46.871498107910156,33454000,0,0.0
2017-09-27,47.137001037597656,48.27149963378906,47.09749984741211,47.994998931884766,46692000,0,0.0
2017-09-28,47.8125,48.308998107910156,47.77750015258789,48.240501403808594,28018000,0,0.0
2017-09-29,48.29999923706055,48.79050064086914,48.29999923706055,48.68600082397461,40622000,0,0.0
2017-10-02,48.782501220703125,48.887001037597656,48.09749984741211,48.37350082397461,30782000,0,0.0
2017-10-03,48.37799835205078,48.62200164794922,48.135501861572266,48.604000091552734,21666000,0,0.0
2017-10-04,48.5880012512207,48.720001220703125,48.28049850463867,48.3390007019043,21156000,0,0.0
2017-10-05,48.63949966430664,49.32550048828125,48.51350021362305,49.259498596191406,35618000,0,0.0
2017-10-06,49.0,49.7130012512207,48.925498962402344,49.68199920654297,31060000,0,0.0
2017-10-09,49.75,50.02299880981445,49.57500076293945,49.615501403808594,25910000,0,0.0
2017-10-10,49.76499938964844,49.87350082397461,49.05550003051758,49.38999938964844,23268000,0,0.0
2017-10-11,49.45199966430664,50.378501892089844,49.39699935913086,50.282501220703125,36300000,0,0.0
2017-10-12,50.19200134277344,50.57699966430664,50.05500030517578,50.282501220703125,30614000,0,0.0
2017-10-13,50.455501556396484,50.737998962402344,50.35300064086914,50.39350128173828,26552000,0,0.0
2017-10-16,50.48149871826172,50.599998474121094,50.07600021362305,50.467498779296875,21420000,0,0.0
2017-10-17,50.37200164794922,50.72800064086914,50.3025016784668,50.54999923706055,20260000,0,0.0
2017-10-18,50.5525016784668,50.81549835205078,50.26599884033203,50.637001037597656,25596000,0,0.0
2017-10-19,50.23749923706055,50.36600112915039,49.8650016784668,50.09199905395508,34284000,0,0.0
2017-10-20,50.352500915527344,50.432498931884766,50.11349868774414,50.253501892089844,32120000,0,0.0
2017-10-23,50.25899887084961,50.28950119018555,49.154998779296875,49.277000427246094,32786000,0,0.0
2017-10-24,49.32500076293945,49.4630012512207,48.854000091552734,49.42449951171875,28902000,0,0.0
2017-10-25,49.313499450683594,49.721500396728516,48.88600158691406,49.573001861572266,30574000,0,0.0
2017-10-26,49.923500061035156,50.32550048828125,49.52349853515625,49.57099914550781,47396000,0,0.0
2017-10-27,51.54949951171875,53.180999755859375,51.342498779296875,51.68349838256836,103682000,0,0.0
2017-10-30,51.45800018310547,51.99150085449219,51.11650085449219,51.65650177001953,46804000,0,0.0
2017-10-31,51.650001525878906,52.04999923706055,51.314998626708984,51.652000427246094,30326000,0,0.0
2017-11-01,51.816001892089844,52.393001556396484,51.70000076293945,52.130001068115234,43262000,0,0.0
2017-11-02,51.9995002746582,52.2760009765625,51.43299865722656,52.14849853515625,26694000,0,0.0
2017-11-03,52.13750076293945,52.53300094604492,51.88249969482422,52.4995002746582,27770000,0,0.0
2017-11-06,52.45500183105469,52.62950134277344,52.099998474121094,52.13399887084961,18294000,0,0.0
2017-11-07,52.48249816894531,52.670501708984375,52.150001525878906,52.61949920654297,26104000,0,0.0
2017-11-08,52.502498626708984,53.134498596191406,52.352500915527344,52.91450119018555,24276000,0,0.0
2017-11-09,52.400001525878906,52.54399871826172,51.79249954223633,52.38600158691406,35892000,0,0.0
2017-11-10,52.19350051879883,52.33150100708008,52.06100082397461,52.20750045776367,19442000,0,0.0
2017-11-13,52.040000915527344,52.4370002746582,51.9630012512207,52.060001373291016,18814000,0,0.0
2017-11-14,51.88600158691406,52.1150016784668,51.46649932861328,52.082000732421875,21012000,0,0.0
2017-11-15,51.75,51.98149871826172,51.53799819946289,51.820499420166016,18106000,0,0.0
2017-11-16,51.9375,52.5880012512207,51.900001525878906,52.423500061035156,23768000,0,0.0
2017-11-17,52.4900016784668,52.54999923706055,51.686500549316406,51.794498443603516,26712000,0,0.0
2017-11-20,51.79999923706055,51.935001373291016,51.63399887084961,51.733001708984375,17526000,0,0.0
2017-11-21,52.00199890136719,52.519500732421875,51.957000732421875,52.51499938964844,22206000,0,0.0
2017-11-22,52.55799865722656,52.77149963378906,52.36249923706055,52.59600067138672,14538000,0,0.0
2017-11-24,52.71950149536133,53.003501892089844,52.59600067138672,52.82600021362305,16492000,0,0.0
2017-11-27,52.92850112915039,53.652000427246094,52.73849868774414,53.60049819946289,35430000,0,0.0
2017-11-28,53.699501037597656,54.0,52.72700119018555,53.16450119018555,36424000,0,0.0
2017-11-29,52.808998107910156,52.938499450683594,51.48249816894531,51.86899948120117,55866000,0,0.0
2017-11-30,51.99700164794922,52.207000732421875,51.503501892089844,51.80849838256836,45092000,0,0.0
2017-12-01,51.52050018310547,51.86199951171875,50.845001220703125,51.253501892089844,37762000,0,0.0
2017-12-04,51.38999938964844,51.56700134277344,50.46099853515625,50.59349822998047,38778000,0,0.0
2017-12-05,50.54949951171875,51.83399963378906,50.11600112915039,50.97999954223633,38998000,0,0.0
2017-12-06,50.82600021362305,51.979000091552734,50.765499114990234,51.63600158691406,28710000,0,0.0
2017-12-07,51.80350112915039,52.44599914550781,51.768001556396484,52.22850036621094,30866000,0,0.0
2017-12-08,52.59049987792969,52.82099914550781,52.292999267578125,52.46900177001953,31170000,0,0.0
2017-12-11,52.55550003051758,52.79999923706055,52.20600128173828,52.5984992980957,23254000,0,0.0
2017-12-12,52.5,53.125,52.243499755859375,52.438499450683594,33882000,0,0.0
2017-12-13,52.604000091552734,52.77399826049805,52.32899856567383,52.56949996948242,27680000,0,0.0
2017-12-14,52.77450180053711,53.354000091552734,52.68000030517578,52.87350082397461,30962000,0,0.0
2017-12-15,53.18899917602539,53.76250076293945,53.00450134277344,53.599998474121094,63760000,0,0.0
2017-12-18,53.8224983215332,54.324501037597656,53.51850128173828,54.25450134277344,30292000,0,0.0
2017-12-19,54.1510009765625,54.24850082397461,53.61349868774414,53.98899841308594,26350000,0,0.0
2017-12-20,54.04600143432617,54.061500549316406,53.43000030517578,53.678001403808594,28728000,0,0.0
2017-12-21,53.769500732421875,53.875999450683594,53.45000076293945,53.54249954223633,25640000,0,0.0
2017-12-22,53.5,53.58599853515625,53.38199996948242,53.44300079345703,17788000,0,0.0
2017-12-26,53.43199920654297,53.44300079345703,52.93199920654297,53.29249954223633,18376000,0,0.0
2017-12-27,53.33000183105469,53.41350173950195,52.91899871826172,53.0099983215332,22324000,0,0.0
2017-12-28,53.11249923706055,53.242000579833984,52.66899871826172,52.79750061035156,19884000,0,0.0
2017-12-29,52.77450180053711,52.90250015258789,52.6349983215332,52.66999816894531,23606000,0,0.0
2018-01-02,52.6510009765625,53.79899978637695,52.6510009765625,53.660499572753906,31766000,0,0.0
2018-01-03,53.69649887084961,54.80500030517578,53.67150115966797,54.57600021362305,31318000,0,0.0
2018-01-04,54.85449981689453,55.20399856567383,54.7130012512207,54.78799819946289,26052000,0,0.0
2018-01-05,55.17250061035156,55.67900085449219,55.09000015258789,55.51449966430664,30250000,0,0.0
2018-01-08,55.54999923706055,55.95800018310547,55.5,55.71049880981445,24644000,0,0.0
2018-01-09,55.922000885009766,55.922000885009766,55.40999984741211,55.63949966430664,26808000,0,0.0
2018-01-10,55.349998474121094,55.638999938964844,55.19900131225586,55.50699996948242,20734000,0,0.0
2018-01-11,55.615501403808594,55.74250030517578,55.32400131225586,55.602500915527344,22424000,0,0.0
2018-01-12,55.505001068115234,56.564998626708984,55.4005012512207,56.532501220703125,38586000,0,0.0
2018-01-16,57.015499114990234,57.444000244140625,56.33300018310547,56.53499984741211,36462000,0,0.0
2018-01-17,56.81800079345703,56.965999603271484,56.17449951171875,56.95500183105469,27830000,0,0.0
2018-01-18,56.967498779296875,57.02949905395508,56.222999572753906,56.798500061035156,27498000,0,0.0
2018-01-19,56.9015007019043,57.18899917602539,56.625,57.17499923706055,30552000,0,0.0
2018-01-22,57.191001892089844,58.34400177001953,57.090999603271484,58.20800018310547,29550000,0,0.0
2018-01-23,58.53099822998047,58.925498962402344,58.36249923706055,58.80849838256836,39138000,0,0.0
2018-01-24,59.249000549316406,59.352500915527344,58.369998931884766,58.56449890136719,37128000,0,0.0
2018-01-25,59.035499572753906,59.25,58.59199905395508,59.106998443603516,29984000,0,0.0
2018-01-26,59.37649917602539,59.37799835205078,58.4015007019043,59.37799835205078,42170000,0,0.0
2018-01-29,59.400001525878906,59.900001525878906,59.202999114990234,59.32400131225586,31494000,0,0.0
2018-01-30,58.88600158691406,59.39649963378906,58.72549819946289,58.868499755859375,37338000,0,0.0
2018-01-31,59.19049835205078,59.316001892089844,58.60499954223633,59.111000061035156,36022000,0,0.0
2018-02-01,58.79949951171875,59.372501373291016,58.46799850463867,59.079498291015625,73514000,0,0.0
2018-02-02,56.37099838256836,56.564998626708984,55.55849838256836,55.959999084472656,117842000,0,0.0
2018-02-05,55.03049850463867,55.7495002746582,52.83700180053711,53.11949920654297,83550000,0,0.0
2018-02-06,51.69900131225586,54.36899948120117,51.5004997253418,54.221500396728516,76630000,0,0.0
2018-02-07,54.24850082397461,54.326499938964844,52.73099899291992,52.77050018310547,51942000,0,0.0
2018-02-08,52.993499755859375,53.19649887084961,50.23500061035156,50.385501861572266,66792000,0,0.0
2018-02-09,51.29399871826172,52.58599853515625,49.849998474121094,52.313499450683594,98360000,0,0.0
2018-02-12,52.833499908447266,53.278499603271484,52.27450180053711,52.72800064086914,56240000,0,0.0
2018-02-13,52.5,53.06100082397461,52.34600067138672,52.707000732421875,31586000,0,0.0
2018-02-14,52.715999603271484,53.77349853515625,52.4900016784668,53.6349983215332,41304000,0,0.0
2018-02-15,54.17250061035156,54.70500183105469,53.36149978637695,54.56800079345703,37396000,0,0.0
2018-02-16,54.66899871826172,55.41550064086914,54.57749938964844,54.775001525878906,39948000,0,0.0
2018-02-20,54.63800048828125,55.81449890136719,54.5,55.179500579833984,33754000,0,0.0
2018-02-21,55.45500183105469,56.810001373291016,55.3754997253418,55.6875,41486000,0,0.0
2018-02-22,55.958499908447266,56.27299880981445,55.25749969482422,55.494998931884766,28010000,0,0.0
2018-02-23,55.93299865722656,56.45000076293945,55.422000885009766,56.40449905395508,25292000,0,0.0
2018-02-26,56.59299850463867,57.209999084472656,56.46699905395508,57.185001373291016,30912000,0,0.0
2018-02-27,57.185001373291016,57.212501525878906,55.839500427246094,55.8754997253418,42964000,0,0.0
2018-02-28,56.099998474121094,56.38249969482422,55.150001525878906,55.19599914550781,49292000,0,0.0
2018-03-01,55.47700119018555,55.563499450683594,53.364498138427734,53.570499420166016,55338000,0,0.0
2018-03-02,52.89899826049805,54.34450149536133,52.50550079345703,54.207000732421875,50162000,0,0.0
2018-03-05,53.90650177001953,55.058998107910156,53.61349868774414,54.737998962402344,28648000,0,0.0
2018-03-06,55.10499954223633,55.28150177001953,54.724998474121094,55.04499816894531,23382000,0,0.0
2018-03-07,54.64099884033203,55.810001373291016,54.49549865722656,55.75199890136719,30748000,0,0.0
2018-03-08,55.86000061035156,56.571998596191406,55.86000061035156,56.46900177001953,33862000,0,0.0
2018-03-09,56.974998474121094,58.04999923706055,56.714500427246094,58.04199981689453,42662000,0,0.0
2018-03-12,58.252498626708984,58.90800094604492,57.959999084472656,58.29650115966797,44306000,0,0.0
2018-03-13,58.59149932861328,58.900001525878906,56.72850036621094,56.99549865722656,43140000,0,0.0
2018-03-14,57.290000915527344,57.987998962402344,57.11750030517578,57.44449996948242,41870000,0,0.0
2018-03-15,57.47850036621094,58.125,56.78300094604492,57.53049850463867,33382000,0,0.0
2018-03-16,57.76750183105469,57.84049987792969,56.56800079345703,56.72100067138672,58656000,0,0.0
2018-03-19,55.88800048828125,55.96849822998047,54.44599914550781,55.003501892089844,63656000,0,0.0
2018-03-20,54.91999816894531,55.27750015258789,54.12099838256836,54.790000915527344,54598000,0,0.0
2018-03-21,54.628501892089844,55.435001373291016,54.36050033569336,54.70000076293945,44898000,0,0.0
2018-03-22,54.0004997253418,54.19599914550781,52.481998443603516,52.657501220703125,69312000,0,0.0
2018-03-23,52.56850051879883,53.3390007019043,51.243499755859375,51.32749938964844,49880000,0,0.0
2018-03-26,52.529998779296875,52.9635009765625,50.52899932861328,52.704498291015625,65984000,0,0.0
2018-03-27,53.19499969482422,53.22700119018555,49.88100051879883,50.34700012207031,60816000,0,0.0
2018-03-28,50.09550094604492,51.2495002746582,49.20000076293945,50.25899887084961,77698000,0,0.0
2018-03-29,50.56050109863281,52.40250015258789,50.20199966430664,51.856998443603516,69338000,0,0.0
2018-04-02,51.38100051879883,51.97650146484375,49.712501525878906,50.631500244140625,65068000,0,0.0
2018-04-03,50.807498931884766,51.25,49.86249923706055,50.933998107910156,51322000,0,0.0
2018-04-04,49.9114990234375,51.637001037597656,49.82550048828125,51.48550033569336,50724000,0,0.0
2018-04-05,52.31949996948242,52.33549880981445,51.20000076293945,51.63199996948242,35836000,0,0.0
2018-04-06,51.154998779296875,51.79999923706055,50.3125,50.497501373291016,40134000,0,0.0
2018-04-09,51.00199890136719,52.22949981689453,50.959999084472656,51.00450134277344,33220000,0,0.0
2018-04-10,51.51300048828125,52.06050109863281,50.77050018310547,51.82500076293945,36620000,0,0.0
2018-04-11,51.599998474121094,51.79349899291992,50.959999084472656,51.25299835205078,34060000,0,0.0
2018-04-12,51.57350158691406,52.23249816894531,51.3025016784668,51.864498138427734,32896000,0,0.0
2018-04-13,52.34450149536133,52.64899826049805,51.50749969482422,51.801998138427734,25410000,0,0.0
2018-04-16,52.27750015258789,52.57149887084961,51.69599914550781,52.30500030517578,29776000,0,0.0
2018-04-17,53.060001373291016,54.25,52.85449981689453,53.96799850463867,54584000,0,0.0
2018-04-18,53.95050048828125,54.099998474121094,53.5260009765625,53.769500732421875,31126000,0,0.0
2018-04-19,53.45100021362305,54.8754997253418,53.45100021362305,54.47249984741211,39884000,0,0.0
2018-04-20,54.2135009765625,54.73749923706055,53.60499954223633,53.86600112915039,42434000,0,0.0
2018-04-23,54.14899826049805,54.400001525878906,53.33399963378906,53.69049835205078,69590000,0,0.0
2018-04-24,52.959999084472656,53.2244987487793,50.643001556396484,51.13199996948242,128220000,0,0.0
2018-04-25,51.48749923706055,51.80350112915039,50.85049819946289,51.14950180053711,57860000,0,0.0
2018-04-26,51.6609992980957,52.60100173950195,51.022499084472656,52.16550064086914,50926000,0,0.0
2018-04-27,52.277000427246094,52.584999084472656,51.37950134277344,51.5724983215332,40746000,0,0.0
2018-04-30,51.72100067138672,51.91849899291992,50.915000915527344,50.92900085449219,34492000,0,0.0
2018-05-01,50.814998626708984,52.08649826049805,50.53049850463867,52.037498474121094,35326000,0,0.0
2018-05-02,51.70000076293945,52.19900131225586,51.15800094604492,51.3025016784668,34698000,0,0.0
2018-05-03,51.26850128173828,51.53450012207031,50.394500732421875,51.314998626708984,39282000,0,0.0
2018-05-04,50.980499267578125,52.59400177001953,50.90250015258789,52.54999923706055,36892000,0,0.0
2018-05-07,52.69449996948242,53.25,52.51350021362305,52.972999572753906,34400000,0,0.0
2018-05-08,53.23099899291992,53.26150131225586,52.582000732421875,52.929500579833984,26030000,0,0.0
2018-05-09,53.20500183105469,54.70000076293945,53.105499267578125,54.4474983215332,47160000,0,0.0
2018-05-10,54.75,55.47050094604492,54.694000244140625,55.27349853515625,36414000,0,0.0
2018-05-11,55.02050018310547,55.45050048828125,54.861000061035156,55.16899871826172,30504000,0,0.0
2018-05-14,55.278499603271484,55.907501220703125,55.2400016784668,55.33000183105469,39338000,0,0.0
2018-05-15,54.845001220703125,54.95600128173828,53.93899917602539,54.243499755859375,35738000,0,0.0
2018-05-16,54.25450134277344,54.71900177001953,54.08150100708008,54.204498291015625,25628000,0,0.0
2018-05-17,54.073001861572266,54.54999923706055,53.82099914550781,54.0629997253418,25738000,0,0.0
2018-05-18,53.29999923706055,53.686500549316406,53.23400115966797,53.481998443603516,35482000,0,0.0
2018-05-21,53.95000076293945,54.665000915527344,53.900001525878906,54.20050048828125,25180000,0,0.0
2018-05-22,54.4900016784668,54.59000015258789,53.612998962402344,53.765499114990234,22226000,0,0.0
2018-05-23,53.5,54.400001525878906,53.347999572753906,54.29800033569336,23740000,0,0.0
2018-05-24,54.345001220703125,54.35599899291992,53.6150016784668,54.272499084472656,20604000,0,0.0
2018-05-25,54.32749938964844,54.47850036621094,54.130001068115234,54.20399856567383,22224000,0,0.0
2018-05-29,53.79999923706055,54.06700134277344,53.15399932861328,53.403499603271484,36076000,0,0.0
2018-05-30,53.67399978637695,53.949501037597656,53.32749938964844,53.87350082397461,28686000,0,0.0
2018-05-31,54.099998474121094,55.5,53.900001525878906,55.0,79368000,0,0.0
2018-06-01,55.64350128173828,56.90800094604492,55.60049819946289,56.75,63202000,0,0.0
2018-06-04,56.92499923706055,57.893001556396484,56.849998474121094,57.652000427246094,44754000,0,0.0
2018-06-05,57.733001708984375,58.05500030517578,57.37300109863281,57.55099868774414,32964000,0,0.0
2018-06-06,57.63850021362305,57.73550033569336,56.816001892089844,57.34749984741211,34934000,0,0.0
2018-06-07,57.229000091552734,57.29349899291992,56.305999755859375,56.72100067138672,36108000,0,0.0
2018-06-08,56.56050109863281,56.93899917602539,56.1614990234375,56.635501861572266,27284000,0,0.0
2018-06-11,56.64699935913086,57.387001037597656,56.56999969482422,57.04499816894531,24796000,0,0.0
2018-06-12,57.05099868774414,57.4375,57.05099868774414,57.40950012207031,26092000,0,0.0
2018-06-13,57.61399841308594,57.78200149536133,57.16899871826172,57.21149826049805,34302000,0,0.0
2018-06-14,57.61050033569336,58.29949951171875,57.529998779296875,58.00550079345703,35422000,0,0.0
2018-06-15,57.99599838256836,58.195499420166016,57.68450164794922,57.9635009765625,44438000,0,0.0
2018-06-18,57.634498596191406,59.20650100708008,57.54999923706055,59.17900085449219,33038000,0,0.0
2018-06-19,58.50550079345703,59.140499114990234,58.080501556396484,58.93450164794922,47282000,0,0.0
2018-06-20,59.165000915527344,60.074501037597656,59.10150146484375,59.20349884033203,51686000,0,0.0
2018-06-21,59.2755012512207,59.51649856567383,58.17399978637695,58.47200012207031,44966000,0,0.0
2018-06-22,58.574501037597656,58.75,57.98249816894531,58.464500427246094,34220000,0,0.0
2018-06-25,57.75,57.79949951171875,55.994998931884766,56.9640007019043,57682000,0,0.0
2018-06-26,57.207000732421875,57.34349822998047,56.45000076293945,56.63100051879883,34688000,0,0.0
2018-06-27,56.79999923706055,57.31050109863281,55.834999084472656,55.84700012207031,34538000,0,0.0
2018-06-28,55.61949920654297,56.70000076293945,55.30350112915039,56.3390007019043,29726000,0,0.0
2018-06-29,56.615501403808594,57.06800079345703,56.35100173950195,56.45949935913086,31562000,0,0.0
2018-07-02,55.76750183105469,57.14950180053711,55.33000183105469,57.105499267578125,23216000,0,0.0
2018-07-03,57.47100067138672,57.49549865722656,55.721500396728516,55.81399917602539,16448000,0,0.0
2018-07-05,56.22999954223633,57.207000732421875,56.15599822998047,57.06449890136719,28594000,0,0.0
2018-07-06,57.0885009765625,57.810001373291016,56.86199951171875,57.75400161743164,21820000,0,0.0
2018-07-09,58.0,58.39649963378906,57.86149978637695,58.36399841308594,21584000,0,0.0
2018-07-10,58.4995002746582,58.67499923706055,58.12799835205078,58.356998443603516,21334000,0,0.0
2018-07-11,57.78099822998047,59.02199935913086,57.76850128173828,58.573001861572266,33252000,0,0.0
2018-07-12,58.74300003051758,60.0994987487793,58.654998779296875,60.0629997253418,44148000,0,0.0
2018-07-13,60.13999938964844,60.52199935913086,59.76449966430664,60.22100067138672,32612000,0,0.0
2018-07-16,60.19049835205078,60.43550109863281,59.66999816894531,59.82550048828125,26784000,0,0.0
2018-07-17,59.137001037597656,60.9379997253418,59.099998474121094,60.65399932861328,40162000,0,0.0
2018-07-18,60.42649841308594,61.079498291015625,60.22800064086914,60.64550018310547,38948000,0,0.0
2018-07-19,60.33250045776367,60.82400131225586,59.88650131225586,59.95500183105469,38338000,0,0.0
2018-07-20,59.96200180053711,60.53850173950195,59.829498291015625,59.89400100708008,37938000,0,0.0
2018-07-23,59.78300094604492,60.755001068115234,59.60049819946289,60.54999923706055,65446000,0,0.0
2018-07-24,63.54999923706055,63.75,62.207000732421875,62.907501220703125,107600000,0,0.0
2018-07-25,62.63100051879883,63.9119987487793,62.45249938964844,63.797000885009766,51104000,0,0.0
2018-07-26,63.35900115966797,64.37000274658203,63.150001525878906,64.2750015258789,54686000,0,0.0
2018-07-27,64.45600128173828,64.5719985961914,62.2244987487793,62.644500732421875,48362000,0,0.0
2018-07-30,62.252498626708984,62.644500732421875,61.208499908447266,61.50199890136719,43896000,0,0.0
2018-07-31,61.58549880981445,62.06050109863281,60.80950164794922,61.361000061035156,39382000,0,0.0
2018-08-01,61.955501556396484,62.29499816894531,61.24700164794922,61.64950180053711,36994000,0,0.0
2018-08-02,60.92499923706055,62.22050094604492,60.90299987792969,62.05649948120117,34704000,0,0.0
2018-08-03,62.25899887084961,62.32600021362305,61.47100067138672,61.90800094604492,21264000,0,0.0
2018-08-06,62.080501556396484,62.12300109863281,61.5265007019043,61.88349914550781,22114000,0,0.0
2018-08-07,62.60049819946289,63.30400085449219,62.59000015258789,62.79199981689453,42506000,0,0.0
2018-08-08,62.83599853515625,63.58599853515625,62.60599899291992,63.06650161743164,34344000,0,0.0
2018-08-09,63.13650131225586,63.597999572753906,63.005001068115234,63.222999572753906,27326000,0,0.0
2018-08-10,62.95899963378906,63.060001373291016,62.358001708984375,62.6254997253418,26602000,0,0.0
2018-08-13,62.560001373291016,63.298500061035156,62.35150146484375,62.43199920654297,27500000,0,0.0
2018-08-14,62.625,63.02949905395508,61.97700119018555,62.90700149536133,28080000,0,0.0
2018-08-15,62.2140007019043,62.5989990234375,61.3120002746582,61.611000061035156,37052000,0,0.0
2018-08-16,62.0994987487793,62.185001373291016,60.98149871826172,61.202999114990234,32176000,0,0.0
2018-08-17,61.10200119018555,61.34749984741211,60.20000076293945,60.79249954223633,33092000,0,0.0
2018-08-20,61.03300094604492,61.295501708984375,60.435001373291016,61.09749984741211,22218000,0,0.0
2018-08-21,61.1510009765625,61.63800048828125,60.75149917602539,60.87049865722656,23082000,0,0.0
2018-08-22,60.71099853515625,61.326499938964844,60.6609992980957,61.087501525878906,22296000,0,0.0
2018-08-23,60.99399948120117,61.75849914550781,60.967498779296875,61.05799865722656,24666000,0,0.0
2018-08-24,61.29999923706055,61.869998931884766,61.07099914550781,61.837501525878906,24454000,0,0.0
2018-08-27,62.207000732421875,62.89350128173828,62.034000396728516,62.813499450683594,28580000,0,0.0
2018-08-28,62.79499816894531,62.827999114990234,62.14849853515625,62.292999267578125,27330000,0,0.0
2018-08-29,62.75,63.35850143432617,62.63999938964844,63.23249816894531,36926000,0,0.0
2018-08-30,63.16999816894531,63.4744987487793,62.36050033569336,62.72200012207031,30104000,0,0.0
2018-08-31,62.61050033569336,62.627498626708984,61.287498474121094,61.59000015258789,42308000,0,0.0
2018-09-04,61.125999450683594,61.39350128173828,60.327999114990234,60.56549835205078,41458000,0,0.0
2018-09-05,60.46099853515625,60.743499755859375,58.766998291015625,59.95500183105469,53988000,0,0.0
2018-09-06,59.92850112915039,59.949501037597656,58.18050003051758,59.199501037597656,46854000,0,0.0
2018-09-07,58.599998474121094,59.4275016784668,58.4635009765625,58.87950134277344,32658000,0,0.0
2018-09-10,59.209999084472656,59.33300018310547,58.53049850463867,58.75299835205078,27670000,0,0.0
2018-09-11,58.55500030517578,59.547000885009766,58.29750061035156,59.4995002746582,29254000,0,0.0
2018-09-12,59.099998474121094,59.53450012207031,58.30799865722656,58.58000183105469,35716000,0,0.0
2018-09-13,58.98500061035156,59.393001556396484,58.46099853515625,59.106998443603516,40068000,0,0.0
2018-09-14,59.400001525878906,59.400001525878906,58.67599868774414,58.89899826049805,24176000,0,0.0
2018-09-17,58.88850021362305,59.090999603271484,57.92300033569336,57.99150085449219,34096000,0,0.0
2018-09-18,58.132999420166016,59.06650161743164,58.07149887084961,58.355499267578125,32314000,0,0.0
2018-09-19,58.448001861572266,58.813499450683594,57.930999755859375,58.7135009765625,25962000,0,0.0
2018-09-20,59.03350067138672,59.70000076293945,58.8125,59.57849884033203,29244000,0,0.0
2018-09-21,59.74599838256836,59.82899856567383,58.60300064086914,58.60599899291992,91222000,0,0.0
2018-09-24,57.97050094604492,59.259498596191406,57.57500076293945,58.97800064086914,31150000,0,0.0
2018-09-25,59.212501525878906,59.84299850463867,58.704498291015625,59.69449996948242,33152000,0,0.0
2018-09-26,59.68450164794922,60.36199951171875,59.27000045776367,59.702999114990234,37650000,0,0.0
2018-09-27,60.0,60.84299850463867,59.90250015258789,60.36800003051758,36274000,0,0.0
2018-09-28,60.204498291015625,60.42250061035156,59.89149856567383,60.354000091552734,35612000,0,0.0
2018-10-01,60.650001525878906,61.209999084472656,60.15950012207031,60.42649841308594,33164000,0,0.0
2018-10-02,60.333499908447266,61.22600173950195,59.983001708984375,60.38199996948242,40180000,0,0.0
2018-10-03,60.599998474121094,60.70899963378906,60.10749816894531,60.576499938964844,26246000,0,0.0
2018-10-04,60.25149917602539,60.29499816894531,58.192501068115234,58.85350036621094,46576000,0,0.0
2018-10-05,58.79999923706055,59.099998474121094,57.715999603271484,58.39149856567383,31852000,0,0.0
2018-10-08,58.0,58.792999267578125,56.77000045776367,57.79600143432617,46190000,0,0.0
2018-10-09,57.56549835205078,58.07749938964844,57.208499908447266,57.25849914550781,33690000,0,0.0
2018-10-10,56.81999969482422,56.85100173950195,54.57550048828125,54.608001708984375,58980000,0,0.0
2018-10-11,53.95199966430664,55.803001403808594,53.794498443603516,54.5369987487793,67696000,0,0.0
2018-10-12,55.981998443603516,56.291500091552734,54.75149917602539,56.027000427246094,49370000,0,0.0
2018-10-15,55.900001525878906,56.09000015258789,54.9109992980957,55.12200164794922,30074000,0,0.0
2018-10-16,55.67399978637695,56.81850051879883,55.587501525878906,56.65399932861328,38378000,0,0.0
2018-10-17,57.0,57.349998474121094,55.70000076293945,56.37950134277344,35652000,0,0.0
2018-10-18,56.5,56.61750030517578,54.31700134277344,54.89550018310547,46152000,0,0.0
2018-10-19,55.18550109863281,56.04750061035156,54.85150146484375,55.25899887084961,41286000,0,0.0
2018-10-22,55.6254997253418,56.08449935913086,55.0,55.56850051879883,27116000,0,0.0
2018-10-23,54.56449890136719,55.900001525878906,53.95050048828125,55.74549865722656,37686000,0,0.0
2018-10-24,55.75,55.83100128173828,52.75299835205078,52.85599899291992,49286000,0,0.0
2018-10-25,54.01499938964844,55.89099884033203,53.77750015258789,55.179500579833984,72956000,0,0.0
2018-10-26,52.416500091552734,55.849998474121094,52.11149978637695,54.1875,106438000,0,0.0
2018-10-29,54.82699966430664,55.44150161743164,50.36000061035156,51.73649978637695,81290000,0,0.0
2018-10-30,51.0004997253418,52.54499816894531,50.69850158691406,52.47549819946289,59768000,0,0.0
2018-10-31,53.40999984741211,55.400001525878906,53.40999984741211,54.52899932861328,70916000,0,0.0
2018-11-01,54.56999969482422,54.994998931884766,53.89099884033203,54.29899978637695,40132000,0,0.0
2018-11-02,54.45000076293945,54.900001525878906,53.382999420166016,53.574501037597656,43438000,0,0.0
2018-11-05,53.62649917602539,53.66749954223633,51.70000076293945,52.7864990234375,45358000,0,0.0
2018-11-06,52.750999450683594,53.99100112915039,52.68050003051758,53.47850036621094,28660000,0,0.0
2018-11-07,54.17449951171875,55.496498107910156,54.02949905395508,55.4119987487793,43388000,0,0.0
2018-11-08,55.3650016784668,55.4109992980957,54.21799850463867,54.73149871826172,33694000,0,0.0
2018-11-09,54.20100021362305,54.41749954223633,53.2130012512207,53.85100173950195,34860000,0,0.0
2018-11-12,53.65650177001953,53.70500183105469,52.01750183105469,52.46799850463867,34002000,0,0.0
2018-11-13,52.740501403808594,53.333499908447266,52.02000045776367,52.39849853515625,25750000,0,0.0
2018-11-14,53.0,53.28950119018555,52.05550003051758,52.729000091552734,34666000,0,0.0
2018-11-15,52.573001861572266,53.94350051879883,52.06449890136719,53.5525016784668,41584000,0,0.0
2018-11-16,53.26150131225586,53.62200164794922,52.744998931884766,53.41350173950195,35366000,0,0.0
2018-11-19,53.169498443603516,53.400001525878906,51.14350128173828,51.37099838256836,45684000,0,0.0
2018-11-20,50.364498138427734,51.86750030517578,50.11050033569336,51.522499084472656,54458000,0,0.0
2018-11-21,52.265499114990234,52.73550033569336,51.972999572753906,52.17150115966797,29698000,0,0.0
2018-11-23,51.67499923706055,52.150001525878906,51.42599868774414,51.505001068115234,14178000,0,0.0
2018-11-26,52.20000076293945,52.849998474121094,51.98849868774414,52.797000885009766,31558000,0,0.0
2018-11-27,52.56700134277344,53.3380012512207,52.275001525878906,52.61399841308594,33048000,0,0.0
2018-11-28,52.87300109863281,54.643001556396484,52.147499084472656,54.589500427246094,46042000,0,0.0
2018-11-29,54.17649841308594,55.00749969482422,54.099998474121094,54.729000091552734,31004000,0,0.0
2018-11-30,54.78150177001953,55.48249816894531,54.159000396728516,55.48249816894531,59668000,0,0.0
2018-12-03,56.608001708984375,56.75,55.58649826049805,55.81800079345703,57532000,0,0.0
2018-12-04,55.64950180053711,55.71200180053711,53.03900146484375,53.12350082397461,45630000,0,0.0
2018-12-06,52.25,53.97100067138672,52.124000549316406,53.90399932861328,47436000,0,0.0
2018-12-07,53.61149978637695,54.25149917602539,51.96849822998047,52.32899856567383,42682000,0,0.0
2018-12-10,52.14699935913086,52.97999954223633,51.650001525878906,52.659000396728516,33652000,0,0.0
2018-12-11,53.34700012207031,53.52000045776367,52.505001068115234,53.08250045776367,33852000,0,0.0
2018-12-12,53.854000091552734,54.58649826049805,53.5984992980957,53.686500549316406,28960000,0,0.0
2018-12-13,53.78350067138672,54.42100143432617,53.2495002746582,53.676998138427734,24986000,0,0.0
2018-12-14,53.000999450683594,53.58599853515625,52.46849822998047,52.58549880981445,36358000,0,0.0
2018-12-17,52.35049819946289,53.11899948120117,50.83150100708008,51.282501220703125,49932000,0,0.0
2018-12-18,51.70000076293945,52.984500885009766,51.52399826049805,52.170501708984375,43640000,0,0.0
2018-12-19,52.364498138427734,53.785499572753906,50.971500396728516,51.77299880981445,58264000,0,0.0
2018-12-20,51.29999923706055,52.37200164794922,50.393001556396484,51.17900085449219,53674000,0,0.0
2018-12-21,51.60200119018555,51.88349914550781,49.05950164794922,49.5625,104656000,0,0.0
2018-12-24,49.215999603271484,50.60599899291992,48.882999420166016,49.23350143432617,36360000,0,0.0
2018-12-26,49.89950180053711,52.42250061035156,49.63249969482422,52.39250183105469,46318000,0,0.0
2018-12-27,51.310001373291016,52.66699981689453,50.349998474121094,52.64500045776367,45996000,0,0.0
2018-12-28,52.974998474121094,53.21149826049805,52.099998474121094,52.33399963378906,34398000,0,0.0
2018-12-31,52.89149856567383,53.14950180053711,51.652000427246094,52.24800109863281,33110000,0,0.0
2019-01-02,51.36000061035156,53.03950119018555,51.263999938964844,52.73400115966797,31868000,0,0.0
2019-01-03,52.53350067138672,53.3129997253418,51.118499755859375,51.27349853515625,41960000,0,0.0
2019-01-04,52.12799835205078,54.0,51.84299850463867,53.903499603271484,46022000,0,0.0
2019-01-07,54.048500061035156,54.1349983215332,53.13199996948242,53.79600143432617,47446000,0,0.0
2019-01-08,54.29999923706055,54.66749954223633,53.41749954223633,54.26850128173828,35414000,0,0.0
2019-01-09,54.39950180053711,54.582000732421875,53.71849822998047,54.08250045776367,26998000,0,0.0
2019-01-10,53.74700164794922,53.990501403808594,53.23400115966797,53.94150161743164,26598000,0,0.0
2019-01-11,53.494998931884766,53.66849899291992,52.82149887084961,53.2234992980957,30864000,0,0.0
2019-01-14,52.66699981689453,52.92250061035156,52.4275016784668,52.57550048828125,28490000,0,0.0
2019-01-15,52.9005012512207,54.41350173950195,52.72200012207031,54.32550048828125,37518000,0,0.0
2019-01-16,54.5,55.11800003051758,54.4005012512207,54.47549819946289,38280000,0,0.0
2019-01-17,54.39950180053711,55.03499984741211,54.16299819946289,54.95600128173828,24896000,0,0.0
2019-01-18,55.429500579833984,55.900001525878906,54.9640007019043,55.3650016784668,44892000,0,0.0
2019-01-22,54.79999923706055,54.94850158691406,53.544498443603516,53.93149948120117,39632000,0,0.0
2019-01-23,54.34299850463867,54.647499084472656,53.378501892089844,54.22050094604492,25194000,0,0.0
2019-01-24,54.1254997253418,54.400001525878906,53.500999450683594,54.20000076293945,29114000,0,0.0
2019-01-25,54.71149826049805,55.167999267578125,54.59000015258789,55.07550048828125,23260000,0,0.0
2019-01-28,54.503501892089844,54.66849899291992,53.730499267578125,53.99300003051758,29334000,0,0.0
2019-01-29,54.051998138427734,54.23649978637695,53.30099868774414,53.50299835205078,19704000,0,0.0
2019-01-30,53.86800003051758,54.97600173950195,53.832000732421875,54.89950180053711,29452000,0,0.0
2019-01-31,55.61199951171875,56.38349914550781,55.26250076293945,56.294498443603516,40232000,0,0.0
2019-02-01,56.114498138427734,56.720001220703125,55.712501525878906,55.930999755859375,33116000,0,0.0
2019-02-04,55.95050048828125,57.117000579833984,55.8754997253418,57.07099914550781,78408000,0,0.0
2019-02-05,56.48149871826172,57.63850021362305,56.18000030517578,57.59349822998047,82296000,0,0.0
2019-02-06,57.4635009765625,57.70000076293945,55.917999267578125,56.144500732421875,48256000,0,0.0
2019-02-07,55.590999603271484,55.5994987487793,54.679500579833984,55.295501708984375,38298000,0,0.0
2019-02-08,54.74399948120117,55.255001068115234,54.71200180053711,55.11899948120117,21766000,0,0.0
2019-02-11,55.1875,55.67150115966797,55.0,55.10599899291992,18498000,0,0.0
2019-02-12,55.550498962402344,56.643001556396484,55.550498962402344,56.37900161743164,35036000,0,0.0
2019-02-13,56.652000427246094,57.14250183105469,56.29999923706055,56.43149948120117,28042000,0,0.0
2019-02-14,56.25,56.80649948120117,55.85449981689453,56.459999084472656,21106000,0,0.0
2019-02-15,56.96500015258789,56.96500015258789,55.83599853515625,55.98149871826172,27826000,0,0.0
2019-02-19,55.832000732421875,56.481998443603516,55.832000732421875,56.32550048828125,21980000,0,0.0
2019-02-20,56.444000244140625,56.54650115966797,55.587501525878906,56.02949905395508,24090000,0,0.0
2019-02-21,55.93899917602539,55.95750045776367,54.89899826049805,55.21049880981445,33272000,0,0.0
2019-02-22,55.48500061035156,55.86249923706055,55.025001525878906,55.827999114990234,29436000,0,0.0
2019-02-25,56.096500396728516,56.27000045776367,55.705501556396484,55.86650085449219,26208000,0,0.0
2019-02-26,55.71849822998047,56.321998596191406,55.334999084472656,56.10049819946289,35026000,0,0.0
2019-02-27,55.70050048828125,56.2864990234375,55.428001403808594,56.144500732421875,22092000,0,0.0
2019-02-28,55.95000076293945,56.699501037597656,55.920501708984375,56.32749938964844,27422000,0,0.0
2019-03-01,56.54999923706055,57.5,56.54999923706055,57.42599868774414,34086000,0,0.0
2019-03-04,57.72800064086914,58.2760009765625,56.912498474121094,57.67100143432617,35490000,0,0.0
2019-03-05,57.79999923706055,58.824501037597656,57.6510009765625,58.45949935913086,40094000,0,0.0
2019-03-06,58.5880012512207,58.73699951171875,58.15250015258789,58.24700164794922,23602000,0,0.0
2019-03-07,58.025001525878906,58.17900085449219,57.08549880981445,57.54249954223633,30086000,0,0.0
2019-03-08,56.69499969482422,57.67250061035156,56.5099983215332,57.49850082397461,23694000,0,0.0
2019-03-11,57.599998474121094,58.99549865722656,57.57849884033203,58.9630012512207,30032000,0,0.0
2019-03-12,59.1150016784668,60.285499572753906,59.1150016784668,59.86249923706055,42220000,0,0.0
2019-03-13,60.29650115966797,60.35599899291992,59.89550018310547,59.952999114990234,25888000,0,0.0
2019-03-14,59.95100021362305,60.23500061035156,59.561500549316406,59.62649917602539,27302000,0,0.0
2019-03-15,59.900001525878906,60.08599853515625,59.35049819946289,59.51499938964844,51886000,0,0.0
2019-03-18,59.484500885009766,59.747501373291016,59.07400131225586,59.4275016784668,24442000,0,0.0
2019-03-19,59.58599853515625,60.170501708984375,59.472999572753906,60.12300109863281,29788000,0,0.0
2019-03-20,60.06999969482422,61.4995002746582,59.97949981689453,61.32149887084961,41508000,0,0.0
2019-03-21,61.0,61.821998596191406,60.82899856567383,61.80649948120117,28150000,0,0.0
2019-03-22,61.442501068115234,61.68149948120117,60.29999923706055,60.38249969482422,34422000,0,0.0
2019-03-25,59.97800064086914,60.47200012207031,59.5,59.86899948120117,27576000,0,0.0
2019-03-26,60.259498596191406,60.38249969482422,59.0880012512207,59.492000579833984,30752000,0,0.0
2019-03-27,59.59600067138672,59.59600067138672,58.21149826049805,58.9005012512207,29428000,0,0.0
2019-03-28,58.775001525878906,58.86249923706055,58.17150115966797,58.61349868774414,22402000,0,0.0
2019-03-29,59.00899887084961,59.19850158691406,58.319000244140625,58.84450149536133,30890000,0,0.0
2019-04-01,59.37699890136719,60.0099983215332,59.31800079345703,59.94900131225586,27706000,0,0.0
2019-04-02,60.002498626708984,60.29050064086914,59.5620002746582,60.277000427246094,18288000,0,0.0
2019-04-03,60.6349983215332,61.029998779296875,60.25400161743164,60.54050064086914,22180000,0,0.0
2019-04-04,60.56449890136719,61.02750015258789,60.45199966430664,60.97249984741211,21022000,0,0.0
2019-04-05,60.96500015258789,61.019500732421875,60.50149917602539,60.5724983215332,20012000,0,0.0
2019-04-08,60.55550003051758,60.6974983215332,60.23500061035156,60.41400146484375,21750000,0,0.0
2019-04-09,60.09450149536133,60.35749816894531,59.91899871826172,60.134498596191406,19668000,0,0.0
2019-04-10,60.25450134277344,60.446998596191406,60.03300094604492,60.3224983215332,15510000,0,0.0
2019-04-11,60.44499969482422,60.637001037597656,60.22700119018555,60.47949981689453,16998000,0,0.0
2019-04-12,60.78099822998047,61.15250015258789,60.66450119018555,61.13650131225586,24312000,0,0.0
2019-04-15,61.204498291015625,61.46500015258789,60.72800064086914,61.326499938964844,23796000,0,0.0
2019-04-16,61.5,61.79899978637695,61.25199890136719,61.59550094604492,22622000,0,0.0
2019-04-17,61.849998474121094,62.255001068115234,61.64500045776367,62.00699996948242,30366000,0,0.0
2019-04-18,62.25,62.297000885009766,61.97050094604492,62.07350158691406,24750000,0,0.0
2019-04-22,61.833499908447266,62.71699905395508,61.66849899291992,62.6879997253418,19084000,0,0.0
2019-04-23,62.832000732421875,63.721500396728516,62.5984992980957,63.52949905395508,31868000,0,0.0
2019-04-24,63.52949905395508,63.70000076293945,62.990501403808594,63.002498626708984,23396000,0,0.0
2019-04-25,63.51499938964844,63.63999938964844,62.900001525878906,63.367000579833984,31344000,0,0.0
2019-04-26,63.66899871826172,63.945499420166016,63.25,63.87099838256836,27228000,0,0.0
2019-04-29,64.02549743652344,64.84850311279297,63.58549880981445,64.80999755859375,72368000,0,0.0
2019-04-30,59.53150177001953,60.04899978637695,59.150001525878906,59.948001861572266,133178000,0,0.0
2019-05-01,59.875,59.962501525878906,58.58399963378906,58.66600036621094,74340000,0,0.0
2019-05-02,58.630001068115234,58.96900177001953,57.916500091552734,58.32550048828125,45098000,0,0.0
2019-05-03,58.87049865722656,59.56999969482422,58.6775016784668,59.477500915527344,41588000,0,0.0
2019-05-06,58.599998474121094,59.77149963378906,58.55799865722656,59.67300033569336,31774000,0,0.0
2019-05-07,59.29050064086914,59.73849868774414,58.25,58.94300079345703,36604000,0,0.0
2019-05-08,58.864498138427734,59.2135009765625,58.381500244140625,58.53900146484375,25520000,0,0.0
2019-05-09,58.130001068115234,58.70349884033203,57.731998443603516,58.39849853515625,29556000,0,0.0
2019-05-10,58.44200134277344,58.81399917602539,57.31850051879883,58.38199996948242,31650000,0,0.0
2019-05-13,57.262001037597656,57.5984992980957,56.275001525878906,56.829498291015625,45626000,0,0.0
2019-05-14,57.11600112915039,57.243499755859375,56.17649841308594,56.24300003051758,40392000,0,0.0
2019-05-15,56.127498626708984,58.915000915527344,56.06999969482422,58.540000915527344,59302000,0,0.0
2019-05-16,58.59199905395508,59.70800018310547,58.42250061035156,59.224998474121094,35308000,0,0.0
2019-05-17,58.791500091552734,59.31449890136719,58.32099914550781,58.43899917602539,25362000,0,0.0
2019-05-20,57.650001525878906,57.650001525878906,56.90700149536133,57.233001708984375,30602000,0,0.0
2019-05-21,57.7239990234375,57.900001525878906,57.16550064086914,57.72200012207031,20562000,0,0.0
2019-05-22,57.5625,58.18899917602539,57.54999923706055,57.79249954223633,18826000,0,0.0
2019-05-23,57.30350112915039,57.502498626708984,56.65800094604492,57.266998291015625,25214000,0,0.0
2019-05-24,57.599998474121094,57.71799850463867,56.83549880981445,56.93050003051758,18554000,0,0.0
2019-05-28,57.07400131225586,57.824501037597656,56.93349838256836,56.97800064086914,20948000,0,0.0
2019-05-29,56.6349983215332,56.75,55.59749984741211,55.99700164794922,36230000,0,0.0
2019-05-30,56.00749969482422,56.34000015258789,55.79499816894531,56.070499420166016,18088000,0,0.0
2019-05-31,55.28200149536133,55.66999816894531,55.16749954223633,55.32500076293945,31582000,0,0.0
2019-06-03,53.346500396728516,53.349998474121094,51.35150146484375,51.9370002746582,96890000,0,0.0
2019-06-04,52.2244987487793,52.922000885009766,51.80149841308594,52.7244987487793,60512000,0,0.0
2019-06-05,52.75,52.84049987792969,51.650001525878906,52.231998443603516,46988000,0,0.0
2019-06-06,52.31050109863281,52.5,51.7755012512207,52.38800048828125,29020000,0,0.0
2019-06-07,52.7140007019043,53.67150115966797,52.557498931884766,53.41849899291992,43828000,0,0.0
2019-06-10,53.849998474121094,54.742000579833984,53.763999938964844,54.13800048828125,28510000,0,0.0
2019-06-11,54.8494987487793,55.20050048828125,53.97850036621094,54.051998138427734,33508000,0,0.0
2019-06-12,53.997501373291016,54.125999450683594,53.47999954223633,53.95500183105469,23670000,0,0.0
2019-06-13,54.23550033569336,54.829498291015625,54.128501892089844,54.550498962402344,20814000,0,0.0
2019-06-14,54.48699951171875,54.737998962402344,54.07400131225586,54.314998626708984,24582000,0,0.0
2019-06-17,54.45500183105469,55.06399917602539,54.400001525878906,54.69449996948242,19770000,0,0.0
2019-06-18,55.57500076293945,55.93899917602539,55.03950119018555,55.262001037597656,34526000,0,0.0
2019-06-19,55.36199951171875,55.471500396728516,54.80149841308594,55.22549819946289,26714000,0,0.0
2019-06-20,56.084999084472656,56.13600158691406,55.349998474121094,55.65999984741211,24018000,0,0.0
2019-06-21,55.49300003051758,56.32849884033203,55.486000061035156,56.26850128173828,50774000,0,0.0
2019-06-24,56.0,56.17850112915039,55.66550064086914,55.834999084472656,24236000,0,0.0
2019-06-25,55.75400161743164,55.78499984741211,54.22999954223633,54.37900161743164,31644000,0,0.0
2019-06-26,54.54999923706055,54.75600051879883,53.68450164794922,54.01599884033203,34698000,0,0.0
2019-06-27,54.337501525878906,54.42300033569336,53.79249954223633,53.83150100708008,24078000,0,0.0
2019-06-28,53.86149978637695,54.13999938964844,53.689998626708984,54.13999938964844,33672000,0,0.0
2019-07-01,55.051998138427734,55.429500579833984,54.76649856567383,55.0,29196000,0,0.0
2019-07-02,55.24150085449219,55.644500732421875,54.98350143432617,55.630001068115234,20630000,0,0.0
2019-07-03,55.92499923706055,56.39950180053711,55.74250030517578,56.14950180053711,20154000,0,0.0
2019-07-05,55.96849822998047,56.73249816894531,55.875,56.63349914550781,29794000,0,0.0
2019-07-08,56.29349899291992,56.36050033569336,55.5880012512207,55.839500427246094,29888000,0,0.0
2019-07-09,55.51599884033203,56.393001556396484,55.35749816894531,56.214500427246094,29472000,0,0.0
2019-07-10,56.61600112915039,57.117000579833984,56.53300094604492,57.045501708984375,30710000,0,0.0
2019-07-11,57.30799865722656,57.6619987487793,56.97650146484375,57.20399856567383,26004000,0,0.0
2019-07-12,57.14649963378906,57.375,56.928001403808594,57.266998291015625,21878000,0,0.0
2019-07-15,57.266998291015625,57.534000396728516,57.0,57.5255012512207,21164000,0,0.0
2019-07-16,57.33649826049805,57.92900085449219,57.33649826049805,57.67300033569336,25352000,0,0.0
2019-07-17,57.54600143432617,57.922000885009766,57.33100128173828,57.33700180053711,19538000,0,0.0
2019-07-18,57.099998474121094,57.40850067138672,56.643001556396484,57.36199951171875,25450000,0,0.0
2019-07-19,57.465999603271484,57.57899856567383,56.5625,56.57749938964844,23184000,0,0.0
2019-07-22,56.77349853515625,57.000999450683594,56.260501861572266,56.96049880981445,28914000,0,0.0
2019-07-23,57.17250061035156,57.44300079345703,56.64250183105469,57.40250015258789,20648000,0,0.0
2019-07-24,56.63100051879883,57.27299880981445,56.425498962402344,56.98649978637695,27192000,0,0.0
2019-07-25,56.9474983215332,57.179500579833984,56.18550109863281,56.797000885009766,54762000,0,0.0
2019-07-26,61.400001525878906,63.419498443603516,61.400001525878906,62.26100158691406,121216000,0,0.0
2019-07-29,62.125,62.449501037597656,61.5099983215332,62.09199905395508,41382000,0,0.0
2019-07-30,61.349998474121094,61.84550094604492,61.26599884033203,61.400001525878906,28616000,0,0.0
2019-07-31,61.243499755859375,61.74549865722656,60.409000396728516,60.90999984741211,39960000,0,0.0
2019-08-01,60.881500244140625,61.814998626708984,60.349998474121094,60.5890007019043,35426000,0,0.0
2019-08-02,60.150001525878906,60.474998474121094,59.5,59.816001892089844,34910000,0,0.0
2019-08-05,58.64849853515625,58.84400177001953,57.13750076293945,57.73749923706055,47840000,0,0.0
2019-08-06,58.2760009765625,59.06999969482422,58.076499938964844,58.55400085449219,36014000,0,0.0
2019-08-07,57.88999938964844,58.993499755859375,57.54199981689453,58.795501708984375,30686000,0,0.0
2019-08-08,59.32149887084961,60.31399917602539,58.70000076293945,60.30950164794922,30116000,0,0.0
2019-08-09,59.9995002746582,60.222999572753906,59.24449920654297,59.44499969482422,20418000,0,0.0
2019-08-12,59.0,59.28049850463867,58.43600082397461,58.724998474121094,22064000,0,0.0
2019-08-13,58.717498779296875,60.27149963378906,58.64950180053711,59.83649826049805,28434000,0,0.0
2019-08-14,58.80350112915039,59.13949966430664,58.05350112915039,58.212501525878906,35430000,0,0.0
2019-08-15,58.42150115966797,58.82099914550781,58.150001525878906,58.465999603271484,28506000,0,0.0
2019-08-16,59.03950119018555,59.19200134277344,58.650001525878906,58.96049880981445,24916000,0,0.0
2019-08-19,59.59149932861328,60.46950149536133,59.52000045776367,60.02199935913086,24450000,0,0.0
2019-08-20,59.76750183105469,59.900001525878906,59.15250015258789,59.17649841308594,20206000,0,0.0
2019-08-21,59.79100036621094,60.02799987792969,59.395999908447266,59.57899856567383,14152000,0,0.0
2019-08-22,59.689998626708984,59.93899917602539,58.945499420166016,59.57600021362305,17352000,0,0.0
2019-08-23,59.25849914550781,59.78350067138672,57.5,57.67900085449219,36254000,0,0.0
2019-08-26,57.97249984741211,58.59299850463867,57.74250030517578,58.558998107910156,21166000,0,0.0
2019-08-27,59.150001525878906,59.25,58.22800064086914,58.54100036621094,23460000,0,0.0
2019-08-28,58.243499755859375,58.92499923706055,58.01250076293945,58.6875,16810000,0,0.0
2019-08-29,59.32099914550781,59.95949935913086,59.263999938964844,59.71200180053711,19636000,0,0.0
2019-08-30,60.01750183105469,60.01750183105469,59.2859992980957,59.5265007019043,18064000,0,0.0
2019-09-03,59.092498779296875,59.45399856567383,58.18550109863281,58.477500915527344,25908000,0,0.0
2019-09-04,58.97249984741211,59.24399948120117,58.576499938964844,59.11349868774414,21312000,0,0.0
2019-09-05,59.68299865722656,60.70000076293945,59.634498596191406,60.609500885009766,26394000,0,0.0
2019-09-06,60.457000732421875,60.647499084472656,60.16299819946289,60.316001892089844,18972000,0,0.0
2019-09-09,60.354000091552734,61.02750015258789,59.65850067138672,60.26350021362305,31854000,0,0.0
2019-09-10,59.804500579833984,60.5,59.800498962402344,60.28499984741211,27922000,0,0.0
2019-09-11,60.19449996948242,61.12350082397461,60.11399841308594,61.0,23522000,0,0.0
2019-09-12,61.173500061035156,62.12099838256836,61.12799835205078,61.74850082397461,31644000,0,0.0
2019-09-13,61.605499267578125,62.0525016784668,61.354000091552734,62.00149917602539,23676000,0,0.0
2019-09-16,61.52199935913086,61.95100021362305,61.259498596191406,61.58150100708008,28218000,0,0.0
2019-09-17,61.58150100708008,61.75,61.16749954223633,61.49399948120117,20806000,0,0.0
2019-09-18,61.512001037597656,61.8120002746582,60.82350158691406,61.63249969482422,17440000,0,0.0
2019-09-19,61.61600112915039,62.21699905395508,61.615501403808594,61.9375,16554000,0,0.0
2019-09-20,61.68199920654297,62.13999938964844,61.17900085449219,61.492000579833984,37692000,0,0.0
2019-09-23,61.32849884033203,61.98400115966797,61.18899917602539,61.734500885009766,20798000,0,0.0
2019-09-24,62.0,62.355499267578125,60.53200149536133,60.916500091552734,35804000,0,0.0
2019-09-25,60.800498962402344,62.4010009765625,60.459999084472656,62.297000885009766,26798000,0,0.0
2019-09-26,62.106998443603516,62.23350143432617,61.590999603271484,62.114498138427734,23166000,0,0.0
2019-09-27,62.14149856567383,62.2495002746582,60.7599983215332,61.29750061035156,34122000,0,0.0
2019-09-30,61.029998779296875,61.37049865722656,60.67100143432617,61.05699920654297,24470000,0,0.0
2019-10-01,61.1245002746582,61.643001556396484,60.27750015258789,60.29999923706055,24504000,0,0.0
2019-10-02,59.82500076293945,59.9379997253418,58.631500244140625,58.895999908447266,33030000,0,0.0
2019-10-03,59.16699981689453,59.54999923706055,58.15700149536133,59.471500396728516,28368000,0,0.0
2019-10-04,59.714500427246094,60.62300109863281,59.548500061035156,60.54800033569336,24282000,0,0.0
2019-10-07,60.349998474121094,60.945499420166016,60.21799850463867,60.412498474121094,17040000,0,0.0
2019-10-08,59.938499450683594,60.34349822998047,59.4739990234375,59.506500244140625,20086000,0,0.0
2019-10-09,60.06650161743164,60.42300033569336,59.90599822998047,60.119998931884766,15948000,0,0.0
2019-10-10,59.93000030517578,60.78099822998047,59.893001556396484,60.4734992980957,12842000,0,0.0
2019-10-11,61.201499938964844,61.4375,60.68199920654297,60.785499572753906,22330000,0,0.0
2019-10-14,60.69449996948242,61.29399871826172,60.59400177001953,60.88850021362305,13296000,0,0.0
2019-10-15,61.07500076293945,62.35649871826172,61.04600143432617,62.11199951171875,27584000,0,0.0
2019-10-16,62.09049987792969,62.70949935913086,61.92649841308594,62.150001525878906,22986000,0,0.0
2019-10-17,62.56999969482422,63.1875,62.493499755859375,62.63999938964844,20958000,0,0.0
2019-10-18,62.734500885009766,62.90549850463867,62.00699996948242,62.22050094604492,31624000,0,0.0
2019-10-21,62.435001373291016,62.675498962402344,61.9995002746582,62.2140007019043,18094000,0,0.0
2019-10-22,62.2239990234375,62.436500549316406,61.99250030517578,62.060001373291016,22862000,0,0.0
2019-10-23,62.010501861572266,62.902000427246094,62.010501861572266,62.881500244140625,21282000,0,0.0
2019-10-24,62.955501556396484,63.14500045776367,62.61750030517578,62.955501556396484,20224000,0,0.0
2019-10-25,62.599998474121094,63.400001525878906,62.45750045776367,63.21500015258789,27104000,0,0.0
2019-10-28,63.75,64.96199798583984,63.615501403808594,64.4489974975586,65428000,0,0.0
2019-10-29,63.79999923706055,64.04000091552734,62.78049850463867,63.03300094604492,52654000,0,0.0
2019-10-30,62.75749969482422,63.4010009765625,62.532501220703125,63.03499984741211,29204000,0,0.0
2019-10-31,63.0,63.32600021362305,62.4739990234375,62.939998626708984,31904000,0,0.0
2019-11-01,63.290000915527344,63.650001525878906,62.98550033569336,63.61249923706055,28812000,0,0.0
2019-11-04,63.80550003051758,64.625,63.80550003051758,64.48049926757812,30632000,0,0.0
2019-11-05,64.55999755859375,64.86199951171875,64.46900177001953,64.5719985961914,25148000,0,0.0
2019-11-06,64.50450134277344,64.64949798583984,64.1135025024414,64.55049896240234,24626000,0,0.0
2019-11-07,64.71399688720703,66.13249969482422,64.6875,65.34700012207031,45140000,0,0.0
2019-11-08,65.07599639892578,65.85549926757812,65.07599639892578,65.44999694824219,30392000,0,0.0
2019-11-11,65.19999694824219,65.24500274658203,64.79350280761719,64.91400146484375,17234000,0,0.0
2019-11-12,64.92849731445312,65.46749877929688,64.71199798583984,64.8604965209961,28852000,0,0.0
2019-11-13,64.65899658203125,65.1259994506836,64.60749816894531,64.80899810791016,20538000,0,0.0
2019-11-14,64.75,65.78600311279297,64.6969985961914,65.4574966430664,28948000,0,0.0
2019-11-15,65.75250244140625,66.677001953125,65.59449768066406,66.677001953125,39286000,0,0.0
2019-11-18,66.61699676513672,66.69599914550781,65.80799865722656,65.99199676513672,27984000,0,0.0
2019-11-19,66.33149719238281,66.33149719238281,65.5885009765625,65.62950134277344,21864000,0,0.0
2019-11-20,65.56800079345703,65.6604995727539,64.46050262451172,65.09300231933594,28892000,0,0.0
2019-11-21,64.9625015258789,65.55599975585938,64.5374984741211,65.00700378417969,25546000,0,0.0
2019-11-22,65.1500015258789,65.34500122070312,64.46800231933594,64.68350219726562,27776000,0,0.0
2019-11-25,64.81300354003906,65.52050018310547,64.78050231933594,65.28199768066406,23590000,0,0.0
2019-11-26,65.49549865722656,65.70050048828125,65.2020034790039,65.6500015258789,21910000,0,0.0
2019-11-27,65.77100372314453,65.88200378417969,65.47350311279297,65.60649871826172,18808000,0,0.0
2019-11-29,65.33000183105469,65.49749755859375,65.1614990234375,65.20449829101562,12802000,0,0.0
2019-12-02,65.12799835205078,65.27200317382812,64.01899719238281,64.44300079345703,26538000,0,0.0
2019-12-03,63.93299865722656,64.86150360107422,63.852500915527344,64.73699951171875,25270000,0,0.0
2019-12-04,65.30500030517578,66.2135009765625,65.15249633789062,65.9469985961914,35506000,0,0.0
2019-12-05,66.3499984741211,66.39900207519531,65.71600341796875,66.3479995727539,24408000,0,0.0
2019-12-06,66.63749694824219,67.12349700927734,66.5615005493164,66.96949768066406,32968000,0,0.0
2019-12-09,66.94300079345703,67.87750244140625,66.80349731445312,67.14949798583984,30842000,0,0.0
2019-12-10,66.99700164794922,67.4000015258789,66.69999694824219,67.14450073242188,17606000,0,0.0
2019-12-11,67.41500091552734,67.49449920654297,67.05500030517578,67.2125015258789,20480000,0,0.0
2019-12-12,67.1604995727539,67.72899627685547,66.91000366210938,67.42449951171875,29114000,0,0.0
2019-12-13,67.3949966430664,67.56749725341797,67.08300018310547,67.34349822998047,33170000,0,0.0
2019-12-16,67.75,68.17649841308594,67.53050231933594,68.03500366210938,28128000,0,0.0
2019-12-17,68.12049865722656,68.21649932861328,67.53849792480469,67.74449920654297,32948000,0,0.0
2019-12-18,67.8499984741211,67.97149658203125,67.52300262451172,67.59549713134766,23330000,0,0.0
2019-12-19,67.59549713134766,67.87650299072266,67.4375,67.8219985961914,28922000,0,0.0
2019-12-20,68.15499877929688,68.19999694824219,67.5364990234375,67.56099700927734,50090000,0,0.0
2019-12-23,67.9365005493164,68.09249877929688,67.4000015258789,67.53150177001953,19936000,0,0.0
2019-12-24,67.510498046875,67.60050201416016,67.20850372314453,67.22149658203125,13468000,0,0.0
2019-12-26,67.32749938964844,68.16000366210938,67.27549743652344,68.12349700927734,23662000,0,0.0
2019-12-27,68.19999694824219,68.35250091552734,67.6500015258789,67.73200225830078,23212000,0,0.0
2019-12-30,67.84049987792969,67.8499984741211,66.89199829101562,66.9854965209961,19994000,0,0.0
2019-12-31,66.78949737548828,67.03299713134766,66.60649871826172,66.96949768066406,19514000,0,0.0
2020-01-02,67.42050170898438,68.43399810791016,67.32450103759766,68.43399810791016,27278000,0,0.0
2020-01-03,67.4000015258789,68.6875,67.36599731445312,68.07599639892578,23408000,0,0.0
2020-01-06,67.58149719238281,69.91600036621094,67.55000305175781,69.8905029296875,46768000,0,0.0
2020-01-07,70.02300262451172,70.17500305175781,69.5780029296875,69.75550079345703,34330000,0,0.0
2020-01-08,69.74099731445312,70.59249877929688,69.63150024414062,70.25199890136719,35314000,0,0.0
2020-01-09,71.09649658203125,71.43399810791016,70.510498046875,70.989501953125,33200000,0,0.0
2020-01-10,71.47350311279297,71.74700164794922,70.9800033569336,71.447998046875,26258000,0,0.0
2020-01-13,71.76249694824219,72.0739974975586,71.26850128173828,72.00150299072266,30730000,0,0.0
2020-01-14,72.0,72.13150024414062,71.38849639892578,71.52950286865234,26076000,0,0.0
2020-01-15,71.6510009765625,72.03900146484375,71.58300018310547,71.95999908447266,21550000,0,0.0
2020-01-16,72.27249908447266,72.53500366210938,72.0,72.50800323486328,26080000,0,0.0
2020-01-17,73.12699890136719,74.02749633789062,72.82749938964844,73.97599792480469,52424000,0,0.0
2020-01-21,73.94999694824219,74.49400329589844,73.510498046875,74.11250305175781,48930000,0,0.0
2020-01-22,74.48650360107422,75.02899932861328,74.13300323486328,74.19349670410156,28458000,0,0.0
2020-01-23,74.37750244140625,74.67500305175781,74.01599884033203,74.2344970703125,26650000,0,0.0
2020-01-24,74.64099884033203,74.70999908447266,73.15899658203125,73.30850219726562,29786000,0,0.0
2020-01-27,71.5770034790039,71.8290023803711,70.9749984741211,71.58650207519531,34132000,0,0.0
2020-01-28,72.08699798583984,72.73999786376953,71.51799774169922,72.5250015258789,29724000,0,0.0
2020-01-29,72.9229965209961,73.20700073242188,72.26950073242188,72.83499908447266,21566000,0,0.0
2020-01-30,71.90499877929688,72.76249694824219,71.75,72.7125015258789,27110000,0,0.0
2020-01-31,73.39299774169922,73.4834976196289,71.35299682617188,71.63899993896484,43822000,0,0.0
2020-02-03,73.0824966430664,74.31500244140625,72.83049774169922,74.12999725341797,71636000,0,0.0
2020-02-04,72.72450256347656,73.36699676513672,71.10150146484375,72.27050018310547,95880000,0,0.0
2020-02-05,73.18049621582031,73.22899627685547,71.48400115966797,72.30249786376953,36376000,0,0.0
2020-02-06,72.5989990234375,74.0780029296875,72.52400207519531,73.79850006103516,37822000,0,0.0
2020-02-07,73.36949920654297,74.26249694824219,73.27050018310547,73.95549774169922,28360000,0,0.0
2020-02-10,73.86150360107422,75.44400024414062,73.76000213623047,75.43299865722656,38302000,0,0.0
2020-02-11,75.66349792480469,76.49400329589844,75.27249908447266,75.50299835205078,34852000,0,0.0
2020-02-12,75.79299926757812,76.01499938964844,75.43350219726562,75.93150329589844,31042000,0,0.0
2020-02-13,75.5,76.29750061035156,75.19999694824219,75.66950225830078,22914000,0,0.0
2020-02-14,75.72650146484375,76.00250244140625,75.27749633789062,75.9365005493164,23198000,0,0.0
2020-02-18,75.71700286865234,76.52799987792969,75.55049896240234,75.97200012207031,25642000,0,0.0
2020-02-19,76.36000061035156,76.53700256347656,76.04900360107422,76.24349975585938,22746000,0,0.0
2020-02-20,75.95050048828125,76.35350036621094,75.21299743652344,75.84950256347656,25962000,0,0.0
2020-02-21,75.22899627685547,75.54750061035156,73.92449951171875,74.1729965209961,42520000,0,0.0
2020-02-24,71.15249633789062,71.81900024414062,70.3395004272461,70.99299621582031,49560000,0,0.0
2020-02-25,71.55000305175781,71.84249877929688,69.02100372314453,69.31600189208984,51580000,0,0.0
2020-02-26,69.7490005493164,70.68350219726562,68.82749938964844,69.52349853515625,49776000,0,0.0
2020-02-27,67.95700073242188,68.47000122070312,65.71199798583984,65.74749755859375,62290000,0,0.0
2020-02-28,63.71549987792969,67.12249755859375,63.410499572753906,66.9625015258789,80198000,0,0.0
2020-03-02,67.56950378417969,69.37349700927734,66.26000213623047,69.31600189208984,55430000,0,0.0
2020-03-03,69.88400268554688,70.40950012207031,66.46199798583984,66.88600158691406,56602000,0,0.0
2020-03-04,67.947998046875,69.13899993896484,66.8499984741211,69.08000183105469,47598000,0,0.0
2020-03-05,67.27749633789062,67.68150329589844,65.08200073242188,65.73799896240234,54380000,0,0.0
2020-03-06,63.497501373291016,65.13749694824219,62.86050033569336,64.78700256347656,64640000,0,0.0
2020-03-09,60.24800109863281,62.63650131225586,59.902000427246094,60.78950119018555,69252000,0,0.0
2020-03-10,62.71950149536133,63.79249954223633,60.72549819946289,63.75849914550781,54872000,0,0.0
2020-03-11,62.41350173950195,62.846500396728516,59.55699920654297,60.54499816894531,54732000,0,0.0
2020-03-12,56.13100051879883,59.4375,55.423500061035156,55.57749938964844,94326000,0,0.0
2020-03-13,58.7495002746582,60.720001220703125,55.614498138427734,60.7135009765625,79400000,0,0.0
2020-03-16,54.480499267578125,57.27349853515625,53.354000091552734,53.650001525878906,96520000,0,0.0
2020-03-17,54.53200149536133,56.29999923706055,52.45500183105469,55.90299987792969,83194000,0,0.0
2020-03-18,52.99700164794922,55.2495002746582,51.849998474121094,54.55950164794922,93044000,0,0.0
2020-03-19,54.4109992980957,57.63050079345703,52.77750015258789,55.583499908447266,74064000,0,0.0
2020-03-20,56.54499816894531,56.92399978637695,53.10499954223633,53.410499572753906,82878000,0,0.0
2020-03-23,52.81850051879883,53.34550094604492,50.44350051879883,52.70650100708008,83672000,0,0.0
2020-03-24,55.19900131225586,56.666500091552734,54.32149887084961,56.5004997253418,72468000,0,0.0
2020-03-25,56.229000091552734,57.30849838256836,54.1505012512207,55.08100128173828,90324000,0,0.0
2020-03-26,55.736000061035156,58.57400131225586,54.60150146484375,58.145999908447266,76562000,0,0.0
2020-03-27,56.37350082397461,57.5525016784668,55.20000076293945,55.51300048828125,62794000,0,0.0
2020-03-30,56.63199996948242,57.54999923706055,54.92449951171875,57.31549835205078,58736000,0,0.0
2020-03-31,57.436500549316406,58.66999816894531,56.83599853515625,58.09749984741211,65228000,0,0.0
2020-04-01,56.20000076293945,56.47100067138672,54.67449951171875,55.10499954223633,51970000,0,0.0
2020-04-02,55.0,56.13850021362305,54.65650177001953,55.85150146484375,56410000,0,0.0
2020-04-03,55.73550033569336,55.93949890136719,53.75400161743164,54.6349983215332,51374000,0,0.0
2020-04-06,56.650001525878906,59.537498474121094,56.25,59.15950012207031,63320000,0,0.0
2020-04-07,60.85049819946289,61.03900146484375,58.86249923706055,59.12799835205078,61620000,0,0.0
2020-04-08,60.154998779296875,60.744998931884766,59.1974983215332,60.349998474121094,40334000,0,0.0
2020-04-09,60.909000396728516,61.0994987487793,59.62099838256836,60.32849884033203,54028000,0,0.0
2020-04-13,60.07500076293945,60.72600173950195,59.11650085449219,60.52050018310547,38702000,0,0.0
2020-04-14,61.99850082397461,63.787498474121094,61.426998138427734,63.26150131225586,63358000,0,0.0
2020-04-15,62.32550048828125,63.75550079345703,61.70000076293945,62.8650016784668,42236000,0,0.0
2020-04-16,63.356998443603516,63.667999267578125,61.90999984741211,62.871498107910156,57896000,0,0.0
2020-04-17,64.08499908447266,64.5,63.29999923706055,63.95000076293945,51050000,0,0.0
2020-04-20,63.49449920654297,63.840999603271484,62.821998596191406,63.057498931884766,35292000,0,0.0
2020-04-21,62.135501861572266,62.5,60.25,60.608001708984375,49648000,0,0.0
2020-04-22,62.05550003051758,63.99399948120117,61.86000061035156,62.920501708984375,46296000,0,0.0
2020-04-23,63.2869987487793,64.40750122070312,63.0265007019043,63.55849838256836,34202000,0,0.0
2020-04-24,62.75,63.885501861572266,62.20000076293945,63.83000183105469,37402000,0,0.0
2020-04-27,64.5999984741211,64.70500183105469,63.25299835205078,63.542999267578125,44186000,0,0.0
2020-04-28,64.16000366210938,64.23799896240234,61.51900100708008,61.62950134277344,80700000,0,0.0
2020-04-29,67.25,68.00749969482422,66.33650207519531,67.10900115966797,108358000,0,0.0
2020-04-30,66.56800079345703,67.5,66.07499694824219,67.33499908447266,55842000,0,0.0
2020-05-01,66.20449829101562,67.57150268554688,65.48300170898438,65.86599731445312,48872000,0,0.0
2020-05-04,65.40650177001953,66.22350311279297,64.80049896240234,66.1449966430664,30806000,0,0.0
2020-05-05,66.875,68.55049896240234,66.75150299072266,67.45099639892578,39666000,0,0.0
2020-05-06,67.9000015258789,68.43450164794922,67.25650024414062,67.27149963378906,31732000,0,0.0
2020-05-07,68.06549835205078,68.80000305175781,67.62699890136719,68.46399688720703,30652000,0,0.0
2020-05-08,69.09100341796875,69.83200073242188,68.60050201416016,69.21700286865234,33326000,0,0.0
2020-05-11,68.8395004272461,70.77649688720703,68.7750015258789,70.17949676513672,32718000,0,0.0
2020-05-12,70.41100311279297,70.71649932861328,68.72550201416016,68.75900268554688,33918000,0,0.0
2020-05-13,68.80799865722656,69.2665023803711,66.40049743652344,67.41649627685547,40368000,0,0.0
2020-05-14,66.6760025024414,67.86849975585938,66.16500091552734,67.84300231933594,36660000,0,0.0
2020-05-15,67.41300201416016,68.72899627685547,66.94999694824219,68.65299987792969,41544000,0,0.0
2020-05-18,68.0790023803711,69.63800048828125,67.70999908447266,69.25900268554688,47094000,0,0.0
2020-05-19,69.27400207519531,69.62449645996094,68.68800354003906,68.72000122070312,31586000,0,0.0
2020-05-20,69.45800018310547,70.60150146484375,69.37100219726562,70.45800018310547,38262000,0,0.0
2020-05-21,70.54949951171875,70.822998046875,69.71949768066406,70.3375015258789,30894000,0,0.0
2020-05-22,70.19499969482422,70.8499984741211,69.79750061035156,70.66200256347656,28544000,0,0.0
2020-05-26,72.0979995727539,72.25550079345703,70.97000122070312,71.06849670410156,44590000,0,0.0
2020-05-27,71.0,71.26750183105469,69.7300033569336,71.01399993896484,31684000,0,0.0
2020-05-28,70.0,72.2229995727539,69.9540023803711,70.91200256347656,35170000,0,0.0
2020-05-29,71.02149963378906,71.83650207519531,70.79900360107422,71.6760025024414,37044000,0,0.0
2020-06-01,71.28500366210938,72.0790023803711,71.11399841308594,71.74349975585938,25162000,0,0.0
2020-06-02,71.75,72.1500015258789,71.08049774169922,72.1155014038086,23442000,0,0.0
2020-06-03,72.13500213623047,72.45050048828125,71.58100128173828,71.9625015258789,27732000,0,0.0
2020-06-04,71.83899688720703,72.06600189208984,70.30049896240234,70.71499633789062,26982000,0,0.0
2020-06-05,70.78199768066406,72.31500244140625,70.38099670410156,72.0009994506836,42642000,0,0.0
2020-06-08,71.31400299072266,72.44999694824219,71.2239990234375,72.4020004272461,33878000,0,0.0
2020-06-09,72.26200103759766,73.38999938964844,72.11799621582031,72.60399627685547,33624000,0,0.0
2020-06-10,73.07550048828125,73.63849639892578,72.71800231933594,73.23500061035156,31762000,0,0.0
2020-06-11,72.05149841308594,72.58000183105469,69.92050170898438,70.09500122070312,47144000,0,0.0
2020-06-12,71.29299926757812,71.72550201416016,69.29000091552734,70.64600372314453,36676000,0,0.0
2020-06-15,69.47450256347656,71.25,69.36000061035156,71.03700256347656,30468000,0,0.0
2020-06-16,72.44999694824219,72.8584976196289,71.44950103759766,72.32350158691406,30648000,0,0.0
2020-06-17,72.64700317382812,73.11000061035156,71.75650024414062,72.62699890136719,30610000,0,0.0
2020-06-18,72.49250030517578,72.64849853515625,71.31199645996094,71.70600128173828,34862000,0,0.0
2020-06-19,72.0,72.2249984741211,70.94999694824219,71.23200225830078,52784000,0,0.0
2020-06-22,71.25050354003906,72.54750061035156,70.95950317382812,72.53299713134766,29442000,0,0.0
2020-06-23,72.5999984741211,73.76000213623047,72.25,73.1989974975586,37752000,0,0.0
2020-06-24,73.16400146484375,73.78949737548828,71.5,71.63500213623047,31592000,0,0.0
2020-06-25,71.56099700927734,72.11599731445312,70.97699737548828,72.05500030517578,23958000,0,0.0
2020-06-26,71.63150024414062,71.85099792480469,67.75,68.12699890136719,97640000,0,0.0
2020-06-29,68.01699829101562,69.9000015258789,67.5824966430664,69.8584976196289,45074000,0,0.0
2020-06-30,69.84400177001953,71.19999694824219,69.34649658203125,70.90249633789062,40286000,0,0.0
2020-07-01,70.95850372314453,72.42400360107422,70.70899963378906,72.0999984741211,42182000,0,0.0
2020-07-02,72.59200286865234,74.4260025024414,72.55349731445312,73.49649810791016,57218000,0,0.0
2020-07-06,74.40750122070312,75.5,73.8489990234375,74.98249816894531,44712000,0,0.0
2020-07-07,74.80650329589844,76.06600189208984,74.48500061035156,74.49600219726562,42364000,0,0.0
2020-07-08,75.04000091552734,75.55850219726562,74.61499786376953,75.18000030517578,31766000,0,0.0
2020-07-09,75.49649810791016,76.45700073242188,74.77950286865234,75.93299865722656,41836000,0,0.0
2020-07-10,75.6624984741211,77.06700134277344,75.03600311279297,76.95050048828125,35918000,0,0.0
2020-07-13,77.49700164794922,78.81800079345703,75.3280029296875,75.61150360107422,42954000,0,0.0
2020-07-14,74.6395034790039,76.13999938964844,74.29650115966797,76.04299926757812,38108000,0,0.0
2020-07-15,76.1614990234375,76.81649780273438,74.8915023803711,75.84400177001953,31026000,0,0.0
2020-07-16,75.07499694824219,75.79550170898438,74.41349792480469,75.74600219726562,26484000,0,0.0
2020-07-17,75.84549713134766,76.17150115966797,74.90499877929688,75.84249877929688,34264000,0,0.0
2020-07-20,75.75,78.45050048828125,75.13500213623047,78.19200134277344,30166000,0,0.0
2020-07-21,79.25150299072266,79.35250091552734,77.63099670410156,77.7959976196289,27486000,0,0.0
2020-07-22,77.7854995727539,78.3489990234375,77.1614990234375,78.24250030517578,24482000,0,0.0
2020-07-23,78.29650115966797,78.51750183105469,75.42949676513672,75.8375015258789,33910000,0,0.0
2020-07-24,74.95950317382812,75.77149963378906,74.37950134277344,75.4104995727539,29902000,0,0.0
2020-07-27,75.66300201416016,76.87799835205078,75.61650085449219,76.47149658203125,27124000,0,0.0
2020-07-28,76.25,76.30049896240234,75.0260009765625,75.18250274658203,30910000,0,0.0
2020-07-29,75.25,76.66649627685547,75.15049743652344,76.17549896240234,22676000,0,0.0
2020-07-30,74.89849853515625,77.04450225830078,74.75849914550781,76.91850280761719,36042000,0,0.0
2020-07-31,74.85250091552734,75.2509994506836,72.69999694824219,74.39749908447266,91468000,0,0.0
2020-08-03,74.55000305175781,74.8864974975586,73.58599853515625,74.13800048828125,45482000,0,0.0
2020-08-04,74.33550262451172,74.65550231933594,73.20149993896484,73.66500091552734,37212000,0,0.0
2020-08-05,73.84100341796875,74.5,73.56099700927734,73.95449829101562,29134000,0,0.0
2020-08-06,73.80750274658203,75.3134994506836,73.59500122070312,75.24749755859375,33306000,0,0.0
2020-08-07,75.4520034790039,76.00450134277344,74.3134994506836,74.91850280761719,27718000,0,0.0
2020-08-10,74.54000091552734,75.35749816894531,73.87449645996094,74.84100341796875,20546000,0,0.0
2020-08-11,74.69999694824219,75.52200317382812,73.90950012207031,74.0270004272461,31098000,0,0.0
2020-08-12,74.35600280761719,75.58350372314453,74.25,75.36199951171875,22512000,0,0.0
2020-08-13,75.4104995727539,76.84850311279297,75.4104995727539,75.8324966430664,22388000,0,0.0
2020-08-14,75.68049621582031,75.989501953125,74.94999694824219,75.23149871826172,21942000,0,0.0
2020-08-17,75.79850006103516,76.18900299072266,75.25,75.81199645996094,19990000,0,0.0
2020-08-18,76.30599975585938,77.86849975585938,76.08350372314453,77.78900146484375,28378000,0,0.0
2020-08-19,77.62449645996094,78.44300079345703,77.0,77.23049926757812,30472000,0,0.0
2020-08-20,76.99849700927734,79.00849914550781,76.7229995727539,78.8125,26382000,0,0.0
2020-08-21,78.58999633789062,79.59400177001953,78.1155014038086,78.77850341796875,34838000,0,0.0
2020-08-24,79.62349700927734,80.43900299072266,78.75199890136719,79.25749969482422,25638000,0,0.0
2020-08-25,79.00499725341797,80.44400024414062,78.89399719238281,80.2925033569336,25150000,0,0.0
2020-08-26,80.31500244140625,82.6395034790039,80.04900360107422,82.20649719238281,52188000,0,0.0
2020-08-27,82.33049774169922,82.39949798583984,80.94049835205078,81.4260025024414,31350000,0,0.0
2020-08-28,81.47350311279297,82.06749725341797,81.28050231933594,81.97149658203125,22418000,0,0.0
2020-08-31,82.17849731445312,82.2249984741211,81.2665023803711,81.47650146484375,26422000,0,0.0
2020-09-01,81.60800170898438,82.96099853515625,81.47650146484375,82.75399780273438,22652000,0,0.0
2020-09-02,83.40049743652344,86.30500030517578,83.0094985961914,85.86949920654297,49522000,0,0.0
2020-09-03,84.97599792480469,85.0,80.385498046875,81.47550201416016,63726000,0,0.0
2020-09-04,80.44999694824219,81.74949645996094,76.89849853515625,79.06050109863281,55850000,0,0.0
2020-09-08,76.25,77.77749633789062,75.82499694824219,76.18000030517578,54032000,0,0.0
2020-09-09,77.44499969482422,77.93599700927734,76.25849914550781,77.36150360107422,39242000,0,0.0
2020-09-10,77.50900268554688,78.68299865722656,76.0,76.30249786376953,33024000,0,0.0
2020-09-11,76.40750122070312,76.93499755859375,74.6510009765625,75.78800201416016,30706000,0,0.0
2020-09-14,76.5824966430664,77.8499984741211,75.25550079345703,75.44149780273438,42660000,0,0.0
2020-09-15,76.39450073242188,77.54949951171875,76.1050033569336,76.75599670410156,23042000,0,0.0
2020-09-16,77.1240005493164,77.71849822998047,75.57949829101562,75.60449981689453,22128000,0,0.0
2020-09-17,74.29049682617188,74.93299865722656,73.12300109863281,74.35199737548828,40008000,0,0.0
2020-09-18,74.41500091552734,74.76000213623047,71.58100128173828,72.55449676513672,63056000,0,0.0
2020-09-21,71.58100128173828,72.00299835205078,70.13400268554688,71.50700378417969,56908000,0,0.0
2020-09-22,72.51599884033203,73.19850158691406,71.4749984741211,72.99099731445312,33950000,0,0.0
2020-09-23,72.60449981689453,72.65399932861328,70.13400268554688,70.46949768066406,37726000,0,0.0
2020-09-24,70.13400268554688,71.89949798583984,70.10749816894531,71.14299774169922,34552000,0,0.0
2020-09-25,71.25250244140625,72.2969970703125,70.38400268554688,71.9530029296875,30326000,0,0.0
2020-09-28,73.59950256347656,73.64949798583984,72.31400299072266,72.93299865722656,30784000,0,0.0
2020-09-29,73.19550323486328,73.5999984741211,72.69999694824219,73.3010025024414,31816000,0,0.0
2020-09-30,73.0469970703125,74.30999755859375,72.78800201416016,73.27999877929688,40924000,0,0.0
2020-10-01,74.18299865722656,74.75350189208984,73.83999633789062,74.3949966430664,32884000,0,0.0
2020-10-02,72.98149871826172,73.95149993896484,72.36750030517578,72.77999877929688,31222000,0,0.0
2020-10-05,73.13249969482422,74.23500061035156,73.00450134277344,74.1415023803711,21602000,0,0.0
2020-10-06,73.7750015258789,74.22599792480469,72.25050354003906,72.5510025024414,26096000,0,0.0
2020-10-07,72.96549987792969,73.44850158691406,71.6614990234375,72.95700073242188,36108000,0,0.0
2020-10-08,73.27249908447266,74.40149688720703,73.27249908447266,74.17150115966797,26076000,0,0.0
2020-10-09,74.64299774169922,75.59249877929688,74.3499984741211,75.52249908447266,32966000,0,0.0
2020-10-12,76.9000015258789,79.4209976196289,76.46499633789062,78.22949981689453,55344000,0,0.0
2020-10-13,78.85050201416016,79.25800323486328,77.93150329589844,78.35350036621094,39072000,0,0.0
2020-10-14,78.7300033569336,79.19249725341797,77.29499816894531,78.1719970703125,33174000,0,0.0
2020-10-15,77.2249984741211,78.56999969482422,77.05650329589844,77.77349853515625,31210000,0,0.0
2020-10-16,78.09149932861328,78.885498046875,77.88300323486328,78.38500213623047,34194000,0,0.0
2020-10-19,78.79650115966797,79.19650268554688,76.14600372314453,76.49749755859375,29734000,0,0.0
2020-10-20,76.15550231933594,78.69200134277344,76.0250015258789,77.55400085449219,41670000,0,0.0
2020-10-21,78.49250030517578,80.75700378417969,78.35700225830078,79.29949951171875,60322000,0,0.0
2020-10-22,79.25,80.6709976196289,78.8740005493164,80.33300018310547,30512000,0,0.0
2020-10-23,80.75250244140625,81.70600128173828,80.59549713134766,81.64900207519531,30548000,0,0.0
2020-10-26,80.75,81.47899627685547,78.38899993896484,79.2145004272461,35826000,0,0.0
2020-10-27,79.44650268554688,80.0999984741211,78.84950256347656,79.94400024414062,25902000,0,0.0
2020-10-28,77.50050354003906,77.69049835205078,75.42400360107422,75.54000091552734,45174000,0,0.0
2020-10-29,75.85099792480469,79.43699645996094,75.82749938964844,77.84400177001953,55406000,0,0.0
2020-10-30,83.37200164794922,84.06600189208984,80.07849884033203,80.80549621582031,99878000,0,0.0
2020-11-02,81.177001953125,82.91200256347656,80.71199798583984,81.21600341796875,44228000,0,0.0
2020-11-03,81.53800201416016,82.94999694824219,80.60549926757812,82.28299713134766,31432000,0,0.0
2020-11-04,85.27899932861328,88.50150299072266,85.1500015258789,87.2925033569336,71342000,0,0.0
2020-11-05,88.52249908447266,89.59100341796875,87.05149841308594,88.125,39758000,0,0.0
2020-11-06,87.56700134277344,88.42500305175781,86.83399963378906,87.98650360107422,28622000,0,0.0
2020-11-09,89.79900360107422,90.84449768066406,87.87750244140625,88.07099914550781,53440000,0,0.0
2020-11-10,86.4885025024414,87.96900177001953,85.80599975585938,86.88600158691406,43022000,0,0.0
2020-11-11,87.41999816894531,88.1449966430664,87.15299987792969,87.36150360107422,31838000,0,0.0
2020-11-12,87.0999984741211,88.2490005493164,86.89849853515625,87.14099884033203,26474000,0,0.0
2020-11-13,87.4000015258789,88.85649871826172,86.79900360107422,88.61299896240234,29744000,0,0.0
2020-11-16,88.20700073242188,89.71700286865234,88.06649780273438,88.70149993896484,25468000,0,0.0
2020-11-17,88.39299774169922,88.85700225830078,87.97450256347656,88.08300018310547,21314000,0,0.0
2020-11-18,87.83200073242188,88.25,86.92849731445312,87.03199768066406,20108000,0,0.0
2020-11-19,86.6614990234375,88.17449951171875,86.5009994506836,87.92849731445312,20106000,0,0.0
2020-11-20,88.0999984741211,88.41799926757812,86.75,86.81900024414062,27694000,0,0.0
2020-11-23,87.01100158691406,87.29949951171875,85.50900268554688,86.37799835205078,22530000,0,0.0
2020-11-24,86.375,88.3239974975586,86.0364990234375,88.19499969482422,27984000,0,0.0
2020-11-25,88.3905029296875,88.51899719238281,87.41799926757812,88.20649719238281,19600000,0,0.0
2020-11-27,88.22699737548828,89.85050201416016,88.22699737548828,89.35099792480469,14790000,0,0.0
2020-11-30,88.78250122070312,89.01699829101562,87.39199829101562,87.72000122070312,32418000,0,0.0
2020-12-01,88.33300018310547,91.08599853515625,88.15149688720703,89.76799774169922,37350000,0,0.0
2020-12-02,89.76799774169922,91.63700103759766,89.25849914550781,91.24849700927734,29424000,0,0.0
2020-12-03,91.0270004272461,92.19149780273438,90.8499984741211,91.09200286865234,24728000,0,0.0
2020-12-04,91.01100158691406,91.4749984741211,90.67949676513672,91.18800354003906,20544000,0,0.0
2020-12-07,90.77749633789062,91.4645004272461,90.1520004272461,90.85150146484375,22288000,0,0.0
2020-12-08,90.4260025024414,90.79850006103516,89.56400299072266,90.56649780273438,19936000,0,0.0
2020-12-09,90.51799774169922,91.41850280761719,88.0999984741211,88.89299774169922,31728000,0,0.0
2020-12-10,88.12999725341797,88.74949645996094,86.67649841308594,88.38249969482422,28688000,0,0.0
2020-12-11,88.0,88.8655014038086,87.63700103759766,88.73999786376953,18628000,0,0.0
2020-12-14,88.53600311279297,89.48999786376953,87.45649719238281,87.61299896240234,33050000,0,0.0
2020-12-15,87.99299621582031,88.19999694824219,87.08350372314453,88.05400085449219,21352000,0,0.0
2020-12-16,88.45549774169922,88.45549774169922,87.4530029296875,87.8594970703125,24676000,0,0.0
2020-12-17,88.19650268554688,88.33550262451172,86.55750274658203,87.02549743652344,34880000,0,0.0
2020-12-18,87.30850219726562,87.41799926757812,85.75,86.31099700927734,85256000,0,0.0
2020-12-21,85.45649719238281,86.8499984741211,84.69999694824219,86.72799682617188,33974000,0,0.0
2020-12-22,86.46649932861328,86.63050079345703,85.28900146484375,86.01100158691406,20370000,0,0.0
2020-12-23,86.19650268554688,87.20549774169922,86.05999755859375,86.4114990234375,22974000,0,0.0
2020-12-24,86.44999694824219,87.12049865722656,86.21749877929688,86.70800018310547,9312000,0,0.0
2020-12-28,87.24549865722656,89.3499984741211,87.09100341796875,88.697998046875,27650000,0,0.0
2020-12-29,89.36150360107422,89.42350006103516,87.75550079345703,87.88800048828125,19726000,0,0.0
2020-12-30,88.25,88.38800048828125,86.4000015258789,86.8125,21026000,0,0.0
2020-12-31,86.8635025024414,87.875,86.80449676513672,87.63200378417969,21070000,0,0.0
2021-01-04,88.0,88.12449645996094,85.35700225830078,86.30650329589844,37324000,0,0.0
2021-01-05,86.25450134277344,87.34149932861328,85.84500122070312,87.00250244140625,20360000,0,0.0
2021-01-06,85.01300048828125,87.19850158691406,84.80500030517578,86.14399719238281,46588000,0,0.0
2021-01-07,86.33799743652344,88.89099884033203,86.33799743652344,88.71700286865234,41936000,0,0.0
2021-01-08,88.85800170898438,89.96800231933594,88.06099700927734,89.8915023803711,35484000,0,0.0
2021-01-11,88.85099792480469,89.21900177001953,87.60700225830078,87.81449890136719,34796000,0,0.0
2021-01-12,87.26799774169922,88.3949966430664,85.81900024414062,86.87149810791016,29528000,0,0.0
2021-01-13,86.36599731445312,87.81950378417969,86.36599731445312,87.36250305175781,23432000,0,0.0
2021-01-14,87.44349670410156,88.37750244140625,86.30349731445312,86.5459976196289,29212000,0,0.0
2021-01-15,86.45099639892578,87.38099670410156,85.58550262451172,86.38099670410156,31444000,0,0.0
2021-01-19,87.1500015258789,90.19200134277344,86.6415023803711,89.22350311279297,41660000,0,0.0
2021-01-20,91.31849670410156,94.98600006103516,90.97550201416016,94.00350189208984,64152000,0,0.0
2021-01-21,94.68250274658203,96.60399627685547,93.97049713134766,94.2074966430664,58634000,0,0.0
2021-01-22,94.572998046875,95.21949768066406,93.82499694824219,94.62799835205078,32744000,0,0.0
2021-01-25,95.63700103759766,96.09100341796875,92.95800018310547,94.71399688720703,50586000,0,0.0
2021-01-26,94.29949951171875,95.7874984741211,93.80650329589844,95.39749908447266,31462000,0,0.0
2021-01-27,93.74549865722656,94.02349853515625,89.86399841308594,90.9469985961914,82512000,0,0.0
2021-01-28,91.55000305175781,94.39949798583984,91.55000305175781,92.66000366210938,55278000,0,0.0
2021-01-29,91.70099639892578,92.37699890136719,90.0780029296875,91.36799621582031,44530000,0,0.0
2021-02-01,92.22949981689453,95.7770004272461,92.22949981689453,94.65350341796875,40252000,0,0.0
2021-02-02,95.65650177001953,97.46849822998047,95.31849670410156,95.95600128173828,66332000,0,0.0
2021-02-03,103.28050231933594,105.33100128173828,100.67749786376953,102.94400024414062,97882000,0,0.0
2021-02-04,103.03099822998047,103.46499633789062,101.75499725341797,102.68150329589844,48596000,0,0.0
2021-02-05,102.97799682617188,104.7969970703125,102.5,104.44149780273438,29866000,0,0.0
2021-02-08,105.0,105.75,103.1675033569336,104.22599792480469,28828000,0,0.0
2021-02-09,103.73999786376953,104.92549896240234,103.5,103.76950073242188,21892000,0,0.0
2021-02-10,104.15699768066406,104.94400024414062,102.61199951171875,104.3239974975586,25102000,0,0.0
2021-02-11,104.55000305175781,104.69999694824219,103.44300079345703,104.4375,20480000,0,0.0
2021-02-12,103.9885025024414,104.9749984741211,103.67849731445312,104.75150299072266,18990000,0,0.0
2021-02-16,104.5875015258789,107.25700378417969,104.5875015258789,105.53500366210938,31004000,0,0.0
2021-02-17,104.6989974975586,106.12200164794922,104.4175033569336,105.93099975585938,20294000,0,0.0
2021-02-18,105.25,106.09950256347656,104.66649627685547,105.29049682617188,22546000,0,0.0
2021-02-19,105.3895034790039,105.92900085449219,104.17150115966797,104.44049835205078,37938000,0,0.0
2021-02-22,102.68000030517578,104.0165023803711,102.4000015258789,102.71299743652344,29466000,0,0.0
2021-02-23,100.69950103759766,103.625,99.5114974975586,103.00599670410156,34658000,0,0.0
2021-02-24,101.50199890136719,104.41600036621094,101.37650299072266,104.19049835205078,22608000,0,0.0
2021-02-25,102.79650115966797,104.1500015258789,100.32450103759766,100.79750061035156,41548000,0,0.0
2021-02-26,101.49749755859375,102.82599639892578,100.05049896240234,101.09549713134766,40042000,0,0.0
2021-03-01,102.4000015258789,103.8115005493164,101.72100067138672,103.48300170898438,26060000,0,0.0
2021-03-02,103.24199676513672,104.73699951171875,102.83350372314453,103.2239990234375,25564000,0,0.0
2021-03-03,102.59750366210938,103.79949951171875,99.69999694824219,100.57050323486328,33892000,0,0.0
2021-03-04,100.74349975585938,103.72949981689453,100.27149963378906,101.69650268554688,49216000,0,0.0
2021-03-05,103.05750274658203,105.30999755859375,101.38899993896484,104.85350036621094,53100000,0,0.0
2021-03-08,104.2030029296875,105.68699645996094,100.2594985961914,100.375,36868000,0,0.0
2021-03-09,102.48750305175781,103.19599914550781,101.77999877929688,102.01799774169922,33920000,0,0.0
2021-03-10,103.06999969482422,103.06999969482422,100.96649932861328,101.80950164794922,27100000,0,0.0
2021-03-11,102.91100311279297,105.5634994506836,102.82250213623047,105.0270004272461,27702000,0,0.0
2021-03-12,103.82050323486328,103.88050079345703,101.62100219726562,102.5,33818000,0,0.0
2021-03-15,102.2490005493164,102.74949645996094,101.3895034790039,102.72200012207031,26168000,0,0.0
2021-03-16,103.29949951171875,105.68399810791016,102.9645004272461,104.19450378417969,31900000,0,0.0
2021-03-17,103.42350006103516,104.94999694824219,102.20600128173828,104.11100006103516,26382000,0,0.0
2021-03-18,102.40899658203125,103.4375,100.95899963378906,101.06700134277344,31700000,0,0.0
2021-03-19,101.48650360107422,101.85199737548828,100.14649963378906,101.3479995727539,46072000,0,0.0
2021-03-22,101.38150024414062,102.41699981689453,100.69999694824219,101.53450012207031,33536000,0,0.0
2021-03-23,101.99749755859375,103.20549774169922,101.4000015258789,102.06649780273438,28510000,0,0.0
2021-03-24,102.58799743652344,103.37999725341797,101.44999694824219,101.62650299072266,25218000,0,0.0
2021-03-25,101.45249938964844,102.28199768066406,99.80449676513672,101.62300109863281,35616000,0,0.0
2021-03-26,101.5895004272461,101.96949768066406,100.19249725341797,101.23650360107422,27978000,0,0.0
2021-03-29,101.10800170898438,102.46050262451172,100.27249908447266,102.28949737548828,26492000,0,0.0
2021-03-30,102.64900207519531,103.13349914550781,101.80750274658203,102.32350158691406,27312000,0,0.0
2021-03-31,102.72000122070312,104.31300354003906,102.3499984741211,103.1259994506836,42570000,0,0.0
2021-04-01,104.61250305175781,106.7874984741211,104.57150268554688,106.48899841308594,39880000,0,0.0
2021-04-05,107.35749816894531,111.44950103759766,107.260498046875,110.947998046875,48510000,0,0.0
2021-04-06,110.5459976196289,111.4000015258789,110.0895004272461,110.46299743652344,35240000,0,0.0
2021-04-07,110.65499877929688,112.2249984741211,110.65499877929688,111.95149993896484,24134000,0,0.0
2021-04-08,113.19999694824219,113.5895004272461,112.15049743652344,112.52149963378906,28664000,0,0.0
2021-04-09,112.27200317382812,113.69850158691406,111.86299896240234,113.53350067138672,26146000,0,0.0
2021-04-12,112.70600128173828,112.84449768066406,111.39099884033203,112.23100280761719,25024000,0,0.0
2021-04-13,112.54949951171875,113.17350006103516,112.15249633789062,112.72149658203125,25682000,0,0.0
2021-04-14,113.37149810791016,113.37149810791016,111.8010025024414,112.09549713134766,21002000,0,0.0
2021-04-15,113.09750366210938,114.80000305175781,112.55850219726562,114.26249694824219,29174000,0,0.0
2021-04-16,114.46199798583984,114.71199798583984,113.5459976196289,114.13749694824219,26282000,0,0.0
2021-04-19,113.50900268554688,115.20449829101562,113.50900268554688,114.48799896240234,30290000,0,0.0
2021-04-20,114.87449645996094,114.94999694824219,112.85600280761719,113.95050048828125,22288000,0,0.0
2021-04-21,113.60250091552734,114.0,112.24099731445312,113.9175033569336,23204000,0,0.0
2021-04-22,113.7699966430664,114.44400024414062,112.01599884033203,112.6259994506836,24146000,0,0.0
2021-04-23,113.3499984741211,115.30599975585938,113.0625,114.99649810791016,29066000,0,0.0
2021-04-26,115.22599792480469,116.22650146484375,114.86599731445312,115.49649810791016,32038000,0,0.0
2021-04-27,115.88150024414062,115.92250061035156,114.30799865722656,114.54900360107422,44386000,0,0.0
2021-04-28,119.625,121.56900024414062,117.66100311279297,117.9520034790039,81106000,0,0.0
2021-04-29,119.46150207519531,120.20800018310547,118.69249725341797,119.63800048828125,41234000,0,0.0
2021-04-30,118.4010009765625,119.09249877929688,117.3280029296875,117.67500305175781,44856000,0,0.0
2021-05-03,118.24549865722656,119.07749938964844,116.7750015258789,117.15399932861328,28242000,0,0.0
2021-05-04,115.67749786376953,116.24949645996094,112.83399963378906,115.34149932861328,44818000,0,0.0
2021-05-05,116.43150329589844,116.75,115.41400146484375,115.7385025024414,26636000,0,0.0
2021-05-06,115.31649780273438,116.86750030517578,114.6520004272461,116.86750030517578,25190000,0,0.0
2021-05-07,118.19450378417969,118.5625,117.30799865722656,117.59649658203125,28898000,0,0.0
2021-05-10,116.40699768066406,116.55000305175781,114.22699737548828,114.5875015258789,30914000,0,0.0
2021-05-11,112.15350341796875,114.01399993896484,111.69599914550781,113.50299835205078,34186000,0,0.0
2021-05-12,111.30950164794922,112.39900207519531,109.68099975585938,110.01249694824219,46376000,0,0.0
2021-05-13,111.30599975585938,111.97200012207031,110.33599853515625,111.4520034790039,33204000,0,0.0
2021-05-14,112.927001953125,114.23600006103516,112.5,113.91899871826172,31996000,0,0.0
2021-05-17,113.17849731445312,114.48899841308594,112.77549743652344,114.44599914550781,21598000,0,0.0
2021-05-18,115.11750030517578,115.38400268554688,113.1094970703125,113.12349700927734,22204000,0,0.0
2021-05-19,111.42150115966797,113.74949645996094,111.27200317382812,113.57499694824219,23684000,0,0.0
2021-05-20,114.55000305175781,115.5999984741211,114.1760025024414,115.34750366210938,32352000,0,0.0
2021-05-21,115.87049865722656,115.94450378417969,114.46499633789062,114.70649719238281,40632000,0,0.0
2021-05-24,115.74449920654297,118.27749633789062,115.5979995727539,118.052001953125,31832000,0,0.0
2021-05-25,118.5999984741211,119.19999694824219,117.75,118.14350128173828,22440000,0,0.0
2021-05-26,118.32599639892578,119.44950103759766,118.322998046875,119.0155029296875,21572000,0,0.0
2021-05-27,119.45249938964844,119.45249938964844,117.81300354003906,118.13400268554688,35224000,0,0.0
2021-05-28,118.72100067138672,118.80349731445312,117.64250183105469,117.84249877929688,21482000,0,0.0
2021-06-01,118.72200012207031,119.2854995727539,117.71399688720703,119.05899810791016,23354000,0,0.0
2021-06-02,119.4574966430664,119.68199920654297,117.61799621582031,118.52950286865234,21158000,0,0.0
2021-06-03,117.2864990234375,117.85099792480469,116.47599792480469,117.37899780273438,18696000,0,0.0
2021-06-04,118.4635009765625,119.95149993896484,118.12049865722656,119.67849731445312,24458000,0,0.0
2021-06-07,119.47200012207031,120.22550201416016,119.05000305175781,120.11499786376953,24120000,0,0.0
2021-06-08,120.60050201416016,120.97599792480469,119.73899841308594,119.9219970703125,24240000,0,0.0
2021-06-09,120.57150268554688,120.64399719238281,119.84500122070312,120.39700317382812,17942000,0,0.0
2021-06-10,120.34600067138672,121.80000305175781,120.18900299072266,121.75650024414062,25904000,0,0.0
2021-06-11,122.0,122.08599853515625,120.947998046875,121.51000213623047,21958000,0,0.0
2021-06-14,121.61299896240234,122.44599914550781,120.9000015258789,122.44550323486328,22098000,0,0.0
2021-06-15,122.44999694824219,122.77549743652344,121.05599975585938,121.41950225830078,21562000,0,0.0
2021-06-16,121.5719985961914,121.88600158691406,119.47000122070312,120.77249908447266,26472000,0,0.0
2021-06-17,120.69750213623047,122.52249908447266,120.5,121.74349975585938,25842000,0,0.0
2021-06-18,121.36699676513672,121.60299682617188,120.01499938964844,120.11100006103516,46116000,0,0.0
2021-06-21,120.50050354003906,122.0,119.89849853515625,121.8125,27414000,0,0.0
2021-06-22,121.75,122.4000015258789,121.06400299072266,122.33049774169922,22390000,0,0.0
2021-06-23,122.09349822998047,123.09549713134766,121.83450317382812,122.12699890136719,19148000,0,0.0
2021-06-24,122.69999694824219,123.05549621582031,122.30000305175781,122.5,21362000,0,0.0
2021-06-25,122.0,122.63300323486328,121.56500244140625,122.50849914550781,34594000,0,0.0
2021-06-28,122.67849731445312,122.78500366210938,121.40550231933594,122.53600311279297,28526000,0,0.0
2021-06-29,122.67050170898438,123.02100372314453,121.69100189208984,122.27249908447266,23108000,0,0.0
2021-06-30,121.99449920654297,122.25700378417969,121.35449981689453,122.0895004272461,24474000,0,0.0
2021-07-01,121.7249984741211,122.58699798583984,121.53150177001953,122.44450378417969,18110000,0,0.0
2021-07-02,123.1500015258789,125.40399932861328,123.05950164794922,125.25749969482422,25982000,0,0.0
2021-07-06,125.64849853515625,126.4280014038086,124.5824966430664,126.19000244140625,26404000,0,0.0
2021-07-07,127.16200256347656,127.28399658203125,126.15299987792969,126.4739990234375,24060000,0,0.0
2021-07-08,124.0260009765625,125.59549713134766,124.02200317382812,125.04399871826172,23790000,0,0.0
2021-07-09,125.0250015258789,125.7344970703125,124.55149841308594,125.51850128173828,18632000,0,0.0
2021-07-12,126.1780014038086,127.06950378417969,125.61100006103516,126.97550201416016,17668000,0,0.0
2021-07-13,127.03849792480469,128.0574951171875,126.67449951171875,127.34149932861328,19240000,0,0.0
2021-07-14,127.95800018310547,129.32650756835938,127.91449737548828,128.23699951171875,23742000,0,0.0
2021-07-15,128.6490020751953,128.6999969482422,126.52999877929688,127.00499725341797,24218000,0,0.0
2021-07-16,127.66300201416016,127.8115005493164,126.15350341796875,126.97000122070312,20424000,0,0.0
2021-07-19,126.0895004272461,126.20500183105469,123.50499725341797,124.5780029296875,27968000,0,0.0
2021-07-20,125.52749633789062,127.04299926757812,124.35050201416016,126.20950317382812,26312000,0,0.0
2021-07-21,126.13349914550781,127.59600067138672,126.02349853515625,127.54900360107422,20746000,0,0.0
2021-07-22,127.84400177001953,128.48300170898438,127.4990005493164,128.42149353027344,14302000,0,0.0
2021-07-23,130.4304962158203,133.3990020751953,129.80050659179688,133.01499938964844,41506000,0,0.0
2021-07-26,133.32850646972656,134.23699951171875,132.30149841308594,134.03500366210938,30572000,0,0.0
2021-07-27,134.25050354003906,134.3990020751953,130.10400390625,131.89999389648438,54710000,0,0.0
2021-07-28,136.31199645996094,138.2969970703125,135.27749633789062,136.093994140625,95130000,0,0.0
2021-07-29,136.14999389648438,136.66099548339844,135.54299926757812,135.77749633789062,31716000,0,0.0
2021-07-30,135.03500366210938,135.30450439453125,134.2550048828125,134.72650146484375,25576000,0,0.0
2021-08-02,135.11700439453125,135.3365020751953,133.79400634765625,134.85450744628906,21634000,0,0.0
2021-08-03,135.13499450683594,135.73199462890625,133.3195037841797,135.6300048828125,20762000,0,0.0
2021-08-04,135.34950256347656,135.64950561523438,134.48699951171875,135.12550354003906,19676000,0,0.0
2021-08-05,135.6804962158203,136.35000610351562,134.8459930419922,136.25149536132812,17870000,0,0.0
2021-08-06,136.04200744628906,136.47250366210938,135.2100067138672,135.73849487304688,20488000,0,0.0
2021-08-09,135.9425048828125,137.1840057373047,135.33949279785156,136.91299438476562,17760000,0,0.0
2021-08-10,137.3419952392578,137.7725067138672,136.364501953125,136.8070068359375,19414000,0,0.0
2021-08-11,137.18150329589844,137.6824951171875,136.27149963378906,136.2790069580078,15352000,0,0.0
2021-08-12,135.97549438476562,137.3000030517578,135.42550659179688,137.19400024414062,16506000,0,0.0
2021-08-13,137.25,137.85650634765625,137.0330047607422,137.7274932861328,15948000,0,0.0
2021-08-16,137.52499389648438,138.3625030517578,135.2989959716797,138.3094940185547,22384000,0,0.0
2021-08-17,137.75,138.2655029296875,136.08200073242188,136.6614990234375,21716000,0,0.0
2021-08-18,136.5,137.10450744628906,135.32150268554688,135.44900512695312,19258000,0,0.0
2021-08-19,134.4355010986328,136.3524932861328,134.25,135.67999267578125,21782000,0,0.0
2021-08-20,136.0,137.5540008544922,135.25,137.42950439453125,31194000,0,0.0
2021-08-23,137.96949768066406,140.87449645996094,137.6074981689453,140.04150390625,28454000,0,0.0
2021-08-24,140.6114959716797,142.0800018310547,140.3385009765625,141.26150512695312,19268000,0,0.0
2021-08-25,141.625,142.1894989013672,141.37600708007812,142.07899475097656,15848000,0,0.0
2021-08-26,141.75,142.41749572753906,141.35699462890625,141.4405059814453,20610000,0,0.0
2021-08-27,141.65249633789062,144.5124969482422,141.4969940185547,144.00399780273438,28780000,0,0.0
2021-08-30,144.39999389648438,145.9705047607422,144.16299438476562,144.5904998779297,24434000,0,0.0
2021-08-31,145.14700317382812,145.17149353027344,144.281005859375,144.69749450683594,22448000,0,0.0
2021-09-01,145.0,146.25399780273438,144.8834991455078,145.2154998779297,21936000,0,0.0
2021-09-02,145.21600341796875,145.51950073242188,143.18499755859375,143.28700256347656,32342000,0,0.0
2021-09-03,143.08050537109375,144.15499877929688,142.40049743652344,143.739501953125,19850000,0,0.0
2021-09-07,143.83450317382812,144.56500244140625,143.61900329589844,144.28050231933594,20124000,0,0.0
2021-09-08,144.10000610351562,144.39999389648438,143.0,143.6909942626953,18344000,0,0.0
2021-09-09,143.8404998779297,144.3105010986328,143.17750549316406,143.54100036621094,15314000,0,0.0
2021-09-10,144.21249389648438,144.718505859375,140.73800659179688,140.87600708007812,36840000,0,0.0
2021-09-13,141.94949340820312,142.9499969482422,141.25,142.33250427246094,22094000,0,0.0
2021-09-14,142.99549865722656,143.36300659179688,141.75,142.54449462890625,19674000,0,0.0
2021-09-15,142.77149963378906,144.45050048828125,141.34750366210938,144.42950439453125,27408000,0,0.0
2021-09-16,143.95050048828125,144.3000030517578,142.40150451660156,143.61000061035156,26190000,0,0.0
2021-09-17,143.03050231933594,143.4499969482422,140.47000122070312,140.8000030517578,53384000,0,0.0
2021-09-20,138.1614990234375,139.0,136.32200622558594,138.71949768066406,46518000,0,0.0
2021-09-21,139.74949645996094,140.01150512695312,138.2779998779297,139.0330047607422,25332000,0,0.0
2021-09-22,139.3040008544922,140.88699340820312,138.55149841308594,140.2834930419922,25056000,0,0.0
2021-09-23,140.9875030517578,141.69650268554688,140.40150451660156,141.21600341796875,20952000,0,0.0
2021-09-24,140.5384979248047,142.33050537109375,140.24099731445312,142.21499633789062,22984000,0,0.0
2021-09-27,140.80450439453125,141.93850708007812,140.0675048828125,141.07200622558594,21882000,0,0.0
2021-09-28,138.65499877929688,139.09649658203125,135.36000061035156,135.8300018310547,45772000,0,0.0
2021-09-29,136.97999572753906,137.1510009765625,133.86500549316406,134.35350036621094,30848000,0,0.0
2021-09-30,134.26150512695312,135.54249572753906,133.55599975585938,133.67599487304688,37996000,0,0.0
2021-10-01,134.44749450683594,136.91050720214844,134.072998046875,136.54299926757812,35360000,0,0.0
2021-10-04,135.9604949951172,135.9604949951172,131.0500030517578,133.6595001220703,51202000,0,0.0
2021-10-05,134.04100036621094,137.22450256347656,134.04100036621094,136.0229949951172,32404000,0,0.0
2021-10-06,134.75,137.75,134.5500030517578,137.56500244140625,24364000,0,0.0
2021-10-07,138.89199829101562,140.04200744628906,138.6510009765625,139.22500610351562,25110000,0,0.0
2021-10-08,139.57699584960938,140.33099365234375,139.21749877929688,139.78550720214844,26526000,0,0.0
2021-10-11,139.29200744628906,140.71200561523438,138.85899353027344,138.91400146484375,17954000,0,0.0
2021-10-12,139.47999572753906,139.5070037841797,135.75999450683594,136.44900512695312,36332000,0,0.0
2021-10-13,137.40249633789062,138.0,136.5189971923828,137.58200073242188,19654000,0,0.0
2021-10-14,139.4739990234375,141.33749389648438,138.8249969482422,141.1510009765625,31894000,0,0.0
2021-10-15,141.614501953125,141.71800231933594,140.7550048828125,141.3679962158203,30274000,0,0.0
2021-10-18,141.07650756835938,142.79600524902344,141.0695037841797,142.7779998779297,20396000,0,0.0
2021-10-19,143.3874969482422,143.66250610351562,142.60000610351562,143.23699951171875,20164000,0,0.0
2021-10-20,143.33799743652344,143.54600524902344,141.37649536132812,141.7689971923828,23288000,0,0.0
2021-10-21,141.7689971923828,142.156005859375,140.5,141.88600158691406,26292000,0,0.0
2021-10-22,139.14999389648438,140.58299255371094,136.05599975585938,137.56649780273438,50588000,0,0.0
2021-10-25,137.5500030517578,138.0,135.4239959716797,137.44700622558594,34412000,0,0.0
2021-10-26,139.2635040283203,140.08299255371094,138.30450439453125,139.30850219726562,49236000,0,0.0
2021-10-27,139.40499877929688,148.64999389648438,139.40499877929688,146.21749877929688,85782000,0,0.0
2021-10-28,147.13450622558594,147.1580047607422,144.6269989013672,145.8489990234375,36206000,0,0.0
2021-10-29,145.0780029296875,148.24200439453125,144.64950561523438,148.04600524902344,43320000,0,0.0
2021-11-01,148.04600524902344,148.04600524902344,143.22549438476562,143.4969940185547,46924000,0,0.0
2021-11-02,144.57949829101562,146.60899353027344,144.3354949951172,145.4324951171875,33482000,0,0.0
2021-11-03,145.90049743652344,146.66900634765625,144.59100341796875,146.59800720214844,27494000,0,0.0
2021-11-04,147.12449645996094,149.73350524902344,146.30799865722656,148.2675018310547,38412000,0,0.0
2021-11-05,149.16949462890625,150.32749938964844,148.19700622558594,148.8520050048828,38354000,0,0.0
2021-11-08,149.8249969482422,150.61500549316406,148.4304962158203,149.031005859375,23052000,0,0.0
2021-11-09,149.23300170898438,149.83450317382812,147.2449951171875,148.9185028076172,19530000,0,0.0
2021-11-10,147.5,148.07000732421875,144.53750610351562,145.89349365234375,29970000,0,0.0
2021-11-11,146.489501953125,147.53550720214844,145.60049438476562,145.76649475097656,16518000,0,0.0
2021-11-12,146.61549377441406,148.85000610351562,145.41099548339844,148.67799377441406,22360000,0,0.0
2021-11-15,148.90049743652344,149.54949951171875,147.5749969482422,148.45199584960938,23508000,0,0.0
2021-11-16,148.14950561523438,148.7624969482422,147.3125,147.87600708007812,18904000,0,0.0
2021-11-17,148.02749633789062,148.5594940185547,147.24000549316406,148.0469970703125,19594000,0,0.0
2021-11-18,148.2415008544922,150.58050537109375,147.88450622558594,149.8385009765625,35608000,0,0.0
2021-11-19,149.97549438476562,150.9665069580078,148.8990020751953,148.92649841308594,33682000,0,0.0
2021-11-22,149.33250427246094,149.82949829101562,146.1475067138672,146.302001953125,30594000,0,0.0
2021-11-23,146.1529998779297,146.66000366210938,144.11500549316406,145.78199768066406,27218000,0,0.0
2021-11-24,145.47349548339844,146.24949645996094,144.3730010986328,146.1199951171875,18040000,0,0.0
2021-11-26,144.34849548339844,144.5574951171875,141.84249877929688,142.18299865722656,30470000,0,0.0
2021-11-29,144.0,146.29750061035156,143.89349365234375,145.53050231933594,32596000,0,0.0
2021-11-30,145.0084991455078,146.0,141.60150146484375,141.8975067138672,42068000,0,0.0
2021-12-01,144.0,145.95050048828125,140.91200256347656,141.05149841308594,34020000,0,0.0
2021-12-02,141.25,143.864501953125,140.21449279785156,142.96600341796875,29194000,0,0.0
2021-12-03,143.68099975585938,144.39999389648438,140.30099487304688,142.00149536132812,41230000,0,0.0
2021-12-06,143.04049682617188,143.8524932861328,140.14999389648438,143.15499877929688,30618000,0,0.0
2021-12-07,145.59649658203125,147.531005859375,145.2274932861328,147.26950073242188,32240000,0,0.0
2021-12-08,147.59649658203125,148.39300537109375,146.406005859375,148.18649291992188,24270000,0,0.0
2021-12-09,147.59100341796875,149.10000610351562,147.11500549316406,147.6385040283203,23270000,0,0.0
2021-12-10,148.6999969482422,148.9774932861328,146.70399475097656,148.00149536132812,24458000,0,0.0
2021-12-13,147.781494140625,147.97000122070312,145.5175018310547,145.82650756835938,27070000,0,0.0
2021-12-14,143.96800231933594,144.47999572753906,141.21499633789062,143.90699768066406,38446000,0,0.0
2021-12-15,143.40899658203125,146.7209930419922,141.67799377441406,146.4409942626953,36370000,0,0.0
2021-12-16,147.17050170898438,147.677001953125,143.60699462890625,144.44500732421875,33650000,0,0.0
2021-12-17,142.5,143.83450317382812,141.3000030517578,141.72500610351562,50416000,0,0.0
2021-12-20,140.0,141.77450561523438,139.3209991455078,141.60699462890625,27192000,0,0.0
2021-12-21,142.05349731445312,143.86900329589844,140.50250244140625,143.47250366210938,28756000,0,0.0
2021-12-22,143.0675048828125,146.5,143.0675048828125,146.4149932861328,26322000,0,0.0
2021-12-23,146.5,148.24349975585938,146.45199584960938,146.91650390625,26384000,0,0.0
2021-12-27,147.25599670410156,148.343994140625,147.16949462890625,147.906494140625,15976000,0,0.0
2021-12-28,148.23599243164062,148.2989959716797,146.05450439453125,146.68699645996094,18200000,0,0.0
2021-12-29,146.64450073242188,147.41700744628906,145.6475067138672,146.65499877929688,17788000,0,0.0
2021-12-30,146.69400024414062,147.3000030517578,145.9945068359375,146.20050048828125,15688000,0,0.0
2021-12-31,146.0500030517578,146.69850158691406,144.8520050048828,144.8520050048828,18136000,0,0.0
2022-01-03,145.05499267578125,145.8509979248047,143.71299743652344,144.9915008544922,28646000,0,0.0
2022-01-04,145.39599609375,146.48500061035156,143.7165069580078,144.39950561523438,28400000,0,0.0
2022-01-05,144.4199981689453,144.49949645996094,137.68800354003906,137.77499389648438,54618000,0,0.0
2022-01-06,136.99850463867188,139.94000244140625,136.55850219726562,137.74749755859375,37348000,0,0.0
2022-01-07,138.14549255371094,138.44850158691406,135.76649475097656,137.01699829101562,29760000,0,0.0
2022-01-10,135.0780029296875,138.8195037841797,133.1645050048828,138.66949462890625,44408000,0,0.0
2022-01-11,138.0070037841797,140.21600341796875,136.6925048828125,139.73599243164062,28730000,0,0.0
2022-01-12,141.14999389648438,142.60800170898438,140.6945037841797,141.4304962158203,26108000,0,0.0
2022-01-13,141.5399932861328,142.85000610351562,138.40899658203125,138.58700561523438,31436000,0,0.0
2022-01-14,137.07899475097656,140.74200439453125,136.99850463867188,139.48049926757812,29662000,0,0.0
2022-01-18,136.1750030517578,137.13150024414062,135.43850708007812,135.9980010986328,34872000,0,0.0
2022-01-19,136.52349853515625,137.95950317382812,135.0155029296875,135.1165008544922,28648000,0,0.0
2022-01-20,136.25,137.62600708007812,132.96449279785156,133.3074951171875,29908000,0,0.0
2022-01-21,132.593505859375,134.86549377441406,130.0865020751953,130.35150146484375,55652000,0,0.0
2022-01-24,125.97799682617188,131.2030029296875,124.5,130.8040008544922,76622000,0,0.0
2022-01-25,128.74000549316406,129.3990020751953,126.50050354003906,126.93499755859375,46960000,0,0.0
2022-01-26,131.11900329589844,133.0,127.14199829101562,129.23300170898438,49130000,0,0.0
2022-01-27,131.3040008544922,132.65249633789062,128.9324951171875,129.0050048828125,31950000,0,0.0
2022-01-28,129.65899658203125,133.35650634765625,128.48500061035156,133.3509979248047,34362000,0,0.0
2022-01-31,134.16200256347656,135.47300720214844,132.20950317382812,135.30349731445312,39986000,0,0.0
2022-02-01,137.59449768066406,137.79299926757812,134.36849975585938,137.6439971923828,68644000,0,0.0
2022-02-02,151.25,151.54649353027344,145.5225067138672,148.0,123200000,0,0.0
2022-02-03,145.70550537109375,149.6750030517578,142.66549682617188,143.08999633789062,71518000,0,0.0
2022-02-04,143.4445037841797,144.875,140.51499938964844,143.29299926757812,57998000,0,0.0
2022-02-07,144.25,144.25,138.89999389648438,139.2010040283203,54974000,0,0.0
2022-02-08,139.02650451660156,140.0,137.01400756835938,139.3990020751953,54284000,0,0.0
2022-02-09,140.9635009765625,142.52450561523438,140.18699645996094,141.5919952392578,40144000,0,0.0
2022-02-10,139.70350646972656,141.4844970703125,137.95700073242188,138.6199951171875,39330000,0,0.0
2022-02-11,138.60000610351562,139.156494140625,133.39999389648438,134.28250122070312,39958000,0,0.0
2022-02-14,133.25650024414062,136.3000030517578,133.25650024414062,135.5260009765625,34302000,0,0.0
2022-02-15,137.57049560546875,138.10850524902344,135.82150268554688,136.60850524902344,26680000,0,0.0
2022-02-16,136.64649963378906,138.08599853515625,134.9239959716797,137.73800659179688,25022000,0,0.0
2022-02-17,136.2429962158203,137.11349487304688,132.47850036621094,132.53900146484375,38950000,0,0.0
2022-02-18,133.4669952392578,134.07000732421875,130.19650268554688,130.4029998779297,45620000,0,0.0
2022-02-22,129.83799743652344,132.1804962158203,128.22349548339844,129.81350708007812,44990000,0,0.0
2022-02-23,131.64849853515625,132.05099487304688,127.52749633789062,127.58799743652344,32786000,0,0.0
2022-02-24,124.95349884033203,133.0,124.95349884033203,132.6909942626953,54456000,0,0.0
2022-02-25,133.552001953125,135.27149963378906,131.75149536132812,134.45950317382812,36406000,0,0.0
2022-02-28,133.0500030517578,135.75149536132812,132.59249877929688,135.0570068359375,38864000,0,0.0
2022-03-01,134.8784942626953,136.2554931640625,133.218505859375,134.06149291992188,26496000,0,0.0
2022-03-02,134.6280059814453,135.2624969482422,133.07150268554688,134.57150268554688,23520000,0,0.0
2022-03-03,136.00999450683594,136.4394989013672,133.02549743652344,133.89950561523438,24604000,0,0.0
2022-03-04,132.92750549316406,133.85150146484375,130.33749389648438,131.906494140625,30430000,0,0.0
2022-03-07,131.48800659179688,131.73500061035156,126.29499816894531,126.37850189208984,45112000,0,0.0
2022-03-08,126.25,131.25,125.67449951171875,127.10449981689453,40428000,0,0.0
2022-03-09,131.25,133.73550415039062,129.90049743652344,133.4199981689453,37026000,0,0.0
2022-03-10,131.26600646972656,133.27200317382812,130.91250610351562,132.42950439453125,27102000,0,0.0
2022-03-11,133.48849487304688,133.79550170898438,129.63150024414062,129.87049865722656,31526000,0,0.0
2022-03-14,130.25,130.40899658203125,125.2750015258789,125.95099639892578,38812000,0,0.0
2022-03-15,126.97599792480469,129.85450744628906,125.72049713134766,129.197998046875,30920000,0,0.0
2022-03-16,130.73300170898438,133.33299255371094,128.7344970703125,133.28050231933594,35576000,0,0.0
2022-03-17,133.1490020751953,134.08050537109375,132.18499755859375,133.83900451660156,28264000,0,0.0
2022-03-18,133.42449951171875,136.24400329589844,132.2584991455078,136.12550354003906,44566000,0,0.0
2022-03-21,136.1634979248047,137.0500030517578,134.09249877929688,136.10150146484375,26832000,0,0.0
2022-03-22,136.10150146484375,141.0500030517578,136.10150146484375,139.8679962158203,35496000,0,0.0
2022-03-23,138.70249938964844,139.5885009765625,137.8350067138672,138.27549743652344,25154000,0,0.0
2022-03-24,139.1999969482422,141.61900329589844,137.75050354003906,141.57200622558594,26396000,0,0.0
2022-03-25,141.91600036621094,142.03500366210938,139.7375030517578,141.67300415039062,24126000,0,0.0
2022-03-28,140.90049743652344,142.00250244140625,139.81149291992188,141.45550537109375,35050000,0,0.0
2022-03-29,142.6475067138672,143.7935028076172,142.0384979248047,142.5054931640625,34318000,0,0.0
2022-03-30,142.4600067138672,142.7205047607422,141.60000610351562,141.93850708007812,19884000,0,0.0
2022-03-31,142.05299377441406,142.10800170898438,139.02450561523438,139.0675048828125,37524000,0,0.0
2022-04-01,139.5,140.4709930419922,138.3074951171875,140.15049743652344,25942000,0,0.0
2022-04-04,140.35850524902344,143.71200561523438,140.3105010986328,142.97149658203125,25942000,0,0.0
2022-04-05,142.86900329589844,142.99049377441406,140.38250732421875,140.59100341796875,21418000,0,0.0
2022-04-06,138.75,139.36050415039062,135.51699829101562,136.54800415039062,32468000,0,0.0
2022-04-07,136.00999450683594,137.1645050048828,134.2274932861328,135.8885040283203,26234000,0,0.0
2022-04-08,135.58349609375,135.6699981689453,132.9654998779297,133.28750610351562,25142000,0,0.0
2022-04-11,131.82350158691406,132.09249877929688,128.6685028076172,128.82350158691406,36884000,0,0.0
2022-04-12,131.60000610351562,131.60000610351562,126.78900146484375,127.7145004272461,32710000,0,0.0
2022-04-13,128.0,130.33399963378906,127.74099731445312,129.8939971923828,27928000,0,0.0
2022-04-14,130.47950744628906,130.47950744628906,126.60099792480469,126.7300033569336,31598000,0,0.0
2022-04-18,127.0,128.21249389648438,126.18199920654297,127.67649841308594,20808000,0,0.0
2022-04-19,127.69149780273438,130.33299255371094,126.99949645996094,130.00900268554688,26490000,0,0.0
2022-04-20,130.89199829101562,131.3990020751953,127.5,128.0399932861328,31696000,0,0.0
2022-04-21,129.25,130.09849548339844,124.52649688720703,124.81449890136719,36446000,0,0.0
2022-04-22,125.0,125.4020004272461,118.92500305175781,119.635498046875,56884000,0,0.0
2022-04-25,119.10099792480469,123.27749633789062,118.51100158691406,123.0739974975586,46128000,0,0.0
2022-04-26,122.29450225830078,122.51000213623047,118.51100158691406,118.6500015258789,73054000,0,0.0
2022-04-27,114.46949768066406,117.24199676513672,112.73650360107422,114.29450225830078,91820000,0,0.0
2022-04-28,116.41500091552734,119.64949798583984,114.11499786376953,118.52249908447266,48884000,0,0.0
2022-04-29,116.7344970703125,117.91999816894531,113.81449890136719,114.1094970703125,42676000,0,0.0
2022-05-02,113.40499877929688,116.74549865722656,112.5999984741211,116.58300018310547,35534000,0,0.0
2022-05-03,116.43049621582031,118.44200134277344,116.03450012207031,117.33399963378906,24968000,0,0.0
2022-05-04,117.03150177001953,122.85449981689453,115.11599731445312,122.26100158691406,49916000,0,0.0
2022-05-05,120.2040023803711,121.03900146484375,115.00550079345703,116.50550079345703,45840000,0,0.0
2022-05-06,115.18450164794922,117.57150268554688,114.0155029296875,115.74649810791016,39710000,0,0.0
2022-05-09,113.25,115.0770034790039,112.00050354003906,112.51100158691406,40802000,0,0.0
2022-05-10,115.50749969482422,116.25,112.90049743652344,114.3949966430664,39900000,0,0.0
2022-05-11,113.23650360107422,116.364501953125,113.23650360107422,113.60250091552734,37534000,0,0.0
2022-05-12,111.37750244140625,114.29499816894531,109.82450103759766,112.84400177001953,53836000,0,0.0
2022-05-13,114.53299713134766,117.875,113.6050033569336,116.05049896240234,35038000,0,0.0
2022-05-16,114.95549774169922,116.16999816894531,113.8895034790039,114.44499969482422,25990000,0,0.0
2022-05-17,116.84049987792969,116.9000015258789,114.87000274658203,116.4729995727539,23054000,0,0.0
2022-05-18,115.0,115.4000015258789,111.55549621582031,111.89949798583984,35126000,0,0.0
2022-05-19,111.43150329589844,113.01000213623047,110.0,110.38400268554688,34144000,0,0.0
2022-05-20,111.95099639892578,112.18350219726562,105.79650115966797,108.90799713134766,48962000,0,0.0
2022-05-23,109.5875015258789,112.14749908447266,108.74099731445312,111.48799896240234,37184000,0,0.0
2022-05-24,105.77200317382812,106.45850372314453,101.8844985961914,105.97000122070312,76780000,0,0.0
2022-05-25,104.9854965209961,106.5,103.85649871826172,105.80500030517578,40258000,0,0.0
2022-05-26,105.677001953125,108.64949798583984,105.2249984741211,107.7925033569336,37948000,0,0.0
2022-05-27,109.48300170898438,112.31800079345703,109.13849639892578,112.31649780273438,37914000,0,0.0
2022-05-31,112.74649810791016,115.73500061035156,112.07849884033203,113.76200103759766,50012000,0,0.0
2022-06-01,114.8550033569336,117.10150146484375,113.25,113.89199829101562,36606000,0,0.0
2022-06-02,114.0,117.89949798583984,112.94650268554688,117.62249755859375,37992000,0,0.0
2022-06-03,116.0625,116.32150268554688,113.51850128173828,114.54100036621094,26136000,0,0.0
2022-06-06,116.70449829101562,119.34700012207031,116.16400146484375,116.82050323486328,33542000,0,0.0
2022-06-07,115.48049926757812,117.69100189208984,115.052001953125,117.14949798583984,31590000,0,0.0
2022-06-08,116.7614974975586,118.57050323486328,116.5999984741211,117.19400024414062,26108000,0,0.0
2022-06-09,116.32749938964844,118.29900360107422,114.7760009765625,114.83550262451172,25798000,0,0.0
2022-06-10,112.44499969482422,113.27899932861328,110.36599731445312,111.1614990234375,41452000,0,0.0
2022-06-13,106.7864990234375,108.79149627685547,106.11900329589844,106.39250183105469,47252000,0,0.0
2022-06-14,106.53500366210938,107.92449951171875,105.80000305175781,106.71549987792969,33706000,0,0.0
2022-06-15,108.54499816894531,111.42350006103516,107.66950225830078,109.7645034790039,39698000,0,0.0
2022-06-16,107.22100067138672,108.64849853515625,105.13800048828125,106.03350067138672,51684000,0,0.0
2022-06-17,106.03350067138672,108.69950103759766,105.0459976196289,107.14350128173828,51376000,0,0.0
2022-06-21,108.92949676513672,112.489501953125,108.5999984741211,111.54399871826172,47416000,0,0.0
2022-06-22,110.55650329589844,113.34649658203125,110.38249969482422,111.48750305175781,30774000,0,0.0
2022-06-23,112.23149871826172,112.74250030517578,110.50050354003906,112.24199676513672,28362000,0,0.0
2022-06-24,112.99500274658203,118.0790023803711,112.95249938964844,117.9749984741211,41164000,0,0.0
2022-06-27,118.27300262451172,118.57949829101562,115.17949676513672,115.83350372314453,36420000,0,0.0
2022-06-28,115.80249786376953,117.30950164794922,111.8479995727539,112.00749969482422,35792000,0,0.0
2022-06-29,111.552001953125,113.1604995727539,110.87249755859375,111.70149993896484,24716000,0,0.0
2022-06-30,110.0,110.88800048828125,106.75,108.96299743652344,43170000,0,0.0
2022-07-01,107.93299865722656,109.25,106.73049926757812,108.73750305175781,35476000,0,0.0
2022-07-05,107.10050201416016,113.37699890136719,105.73149871826172,113.26300048828125,39342000,0,0.0
2022-07-06,113.302001953125,115.5895004272461,111.47599792480469,114.5719985961914,37432000,0,0.0
2022-07-07,115.08000183105469,119.18949890136719,114.83350372314453,118.78299713134766,40936000,0,0.0
2022-07-08,117.25,119.68499755859375,116.90149688720703,119.35350036621094,38238000,0,0.0
2022-07-11,117.99800109863281,117.99800109863281,115.33049774169922,115.67649841308594,31196000,0,0.0
2022-07-12,116.21499633789062,116.9739990234375,113.69000244140625,114.02050018310547,29960000,0,0.0
2022-07-13,111.70099639892578,114.19599914550781,111.20149993896484,111.35350036621094,43722000,0,0.0
2022-07-14,110.21050262451172,111.09300231933594,108.37300109863281,110.36750030517578,37004000,0,0.0
2022-07-15,112.00050354003906,113.1405029296875,110.9000015258789,111.77749633789062,46770000,0,0.0
2022-07-18,112.63999938964844,113.68000030517578,108.37000274658203,109.02999877929688,43164600,0,20.0
2022-07-19,110.8499984741211,114.0199966430664,109.55999755859375,113.80999755859375,36530900,0,0.0
2022-07-20,113.16999816894531,115.4000015258789,112.4800033569336,113.9000015258789,35600400,0,0.0
2022-07-21,114.27999877929688,114.55000305175781,111.11000061035156,114.33999633789062,32676200,0,0.0
2022-07-22,111.0,112.33999633789062,106.5,107.9000015258789,48901200,0,0.0
2022-07-25,108.41000366210938,109.87000274658203,106.30000305175781,107.51000213623047,34690900,0,0.0
2022-07-26,106.5999984741211,107.19999694824219,104.06999969482422,105.0199966430664,47991000,0,0.0
2022-07-27,109.26000213623047,113.91000366210938,108.01000213623047,113.05999755859375,59858500,0,0.0
2022-07-28,112.37000274658203,114.33999633789062,111.45999908447266,114.22000122070312,32816600,0,0.0
2022-07-29,113.08000183105469,116.70999908447266,113.05999755859375,116.31999969482422,37223400,0,0.0
2022-08-01,115.30000305175781,116.72000122070312,114.33999633789062,114.86000061035156,26034300,0,0.0
2022-08-02,114.0,116.3499984741211,113.72000122070312,115.12999725341797,20236000,0,0.0
2022-08-03,115.70999908447266,118.62000274658203,115.4800033569336,118.08000183105469,28499000,0,0.0
2022-08-04,117.4800033569336,118.77999877929688,116.88999938964844,118.19000244140625,21602900,0,0.0
2022-08-05,116.2300033569336,118.11000061035156,116.0,117.47000122070312,19159500,0,0.0
2022-08-08,118.38999938964844,120.1500015258789,116.87999725341797,117.30000305175781,19138300,0,0.0
2022-08-09,117.13999938964844,117.31999969482422,115.70999908447266,116.62999725341797,19086500,0,0.0
2022-08-10,118.77999877929688,120.91999816894531,118.41000366210938,119.69999694824219,30930400,0,0.0
2022-08-11,121.27999877929688,121.48999786376953,118.55999755859375,118.83999633789062,24293700,0,0.0
2022-08-12,120.26000213623047,121.68000030517578,119.45999908447266,121.68000030517578,19096300,0,0.0
2022-08-15,121.12999725341797,122.30000305175781,120.61000061035156,122.08000183105469,19494800,0,0.0
2022-08-16,121.5199966430664,122.43000030517578,120.63999938964844,121.69999694824219,19041200,0,0.0
2022-08-17,120.12000274658203,121.29000091552734,119.37999725341797,119.55000305175781,22847000,0,0.0
2022-08-18,119.43000030517578,120.81999969482422,118.72000122070312,120.16999816894531,17987700,0,0.0
2022-08-19,119.05999755859375,119.1500015258789,116.76000213623047,117.20999908447266,21809500,0,0.0
2022-08-22,115.19999694824219,115.62999725341797,113.8499984741211,114.23999786376953,21456600,0,0.0
2022-08-23,113.4800033569336,115.01000213623047,113.43000030517578,113.86000061035156,15870400,0,0.0
2022-08-24,113.5,114.77999877929688,112.87000274658203,113.69000244140625,17734600,0,0.0
2022-08-25,114.23999786376953,116.72000122070312,114.11000061035156,116.6500015258789,16956800,0,0.0
2022-08-26,114.72000122070312,115.12000274658203,110.19000244140625,110.33999633789062,37245700,0,0.0
2022-08-29,109.98999786376953,110.94999694824219,108.80000305175781,109.41999816894531,21191200,0,0.0
2022-08-30,110.16999816894531,110.5,107.80000305175781,108.94000244140625,27513300,0,0.0
2022-08-31,110.6500015258789,110.8499984741211,108.12999725341797,108.22000122070312,28627000,0,0.0
2022-09-01,108.27999877929688,110.44999694824219,107.36000061035156,109.73999786376953,28360900,0,0.0
2022-09-02,110.58999633789062,110.73999786376953,107.26000213623047,107.8499984741211,24160700,0,0.0
2022-09-06,107.30000305175781,108.02999877929688,105.77999877929688,106.80999755859375,25068300,0,0.0
2022-09-07,107.05999755859375,109.9800033569336,106.9000015258789,109.44999694824219,23167000,0,0.0
2022-09-08,108.04000091552734,109.5999984741211,107.16000366210938,108.37999725341797,24238300,0,0.0
2022-09-09,109.06999969482422,110.98999786376953,109.0199966430664,110.6500015258789,23197700,0,0.0
2022-09-12,110.98999786376953,111.62000274658203,109.93000030517578,110.86000061035156,22966800,0,0.0
2022-09-13,107.80000305175781,108.30000305175781,104.08999633789062,104.31999969482422,38172900,0,0.0
2022-09-14,104.56999969482422,105.27999877929688,103.66000366210938,105.0,26395100,0,0.0
2022-09-15,104.02999877929688,105.2699966430664,102.3499984741211,102.91000366210938,34188300,0,0.0
2022-09-16,102.06999969482422,103.12999725341797,100.94000244140625,102.80000305175781,42797200,0,0.0
2022-09-19,101.75,103.33000183105469,101.55000305175781,103.06999969482422,23036800,0,0.0
2022-09-20,102.08000183105469,102.37000274658203,100.5199966430664,101.13999938964844,26517100,0,0.0
2022-09-21,101.66999816894531,102.87999725341797,99.2699966430664,99.27999877929688,31487300,0,0.0
2022-09-22,98.81999969482422,101.23999786376953,98.79000091552734,100.13999938964844,34298600,0,0.0
2022-09-23,99.62999725341797,99.66000366210938,97.47000122070312,98.73999786376953,31625400,0,0.0
2022-09-26,98.0999984741211,99.87999725341797,97.80000305175781,98.16999816894531,27072700,0,0.0
2022-09-27,99.43000030517578,100.0,96.87000274658203,97.5,30072800,0,0.0
2022-09-28,97.6500015258789,100.69999694824219,97.11000061035156,100.05000305175781,32466300,0,0.0
2022-09-29,98.63999938964844,98.63999938964844,95.95999908447266,97.41999816894531,31047200,0,0.0
2022-09-30,97.05000305175781,98.9000015258789,95.55999755859375,95.6500015258789,32941500,0,0.0
2022-10-03,96.76000213623047,99.29000091552734,96.5199966430664,98.63999938964844,27982000,0,0.0
2022-10-04,100.44000244140625,101.83999633789062,100.37999725341797,101.63999938964844,28850800,0,0.0
2022-10-05,99.83000183105469,101.93000030517578,98.80000305175781,101.43000030517578,22176900,0,0.0
2022-10-06,100.68000030517578,102.93000030517578,100.58999633789062,101.41999816894531,22324000,0,0.0
2022-10-07,99.8499984741211,100.52999877929688,98.30000305175781,98.68000030517578,27502800,0,0.0
2022-10-10,99.0,99.0999984741211,97.01000213623047,97.86000061035156,18225100,0,0.0
2022-10-11,97.43000030517578,99.25,96.30999755859375,97.18000030517578,26507100,0,0.0
2022-10-12,97.30000305175781,98.75,96.73999786376953,97.55999755859375,21876400,0,0.0
2022-10-13,95.1500015258789,99.77999877929688,94.37999725341797,99.05999755859375,34574500,0,0.0
2022-10-14,99.98999786376953,100.69000244140625,96.37000274658203,96.55999755859375,25410700,0,0.0
2022-10-17,98.86000061035156,100.93000030517578,98.83000183105469,99.97000122070312,28419200,0,0.0
2022-10-18,103.12999725341797,103.47000122070312,99.97000122070312,100.7699966430664,24060700,0,0.0
2022-10-19,100.01000213623047,101.0199966430664,98.91999816894531,99.62999725341797,23811100,0,0.0
2022-10-20,100.0,102.31999969482422,99.38999938964844,99.97000122070312,25323200,0,0.0
2022-10-21,97.8499984741211,101.30999755859375,97.72000122070312,101.12999725341797,32458700,0,0.0
2022-10-24,101.80000305175781,102.75,99.9800033569336,102.5199966430664,27176400,0,0.0
2022-10-25,102.9000015258789,104.81999969482422,102.72000122070312,104.4800033569336,40611400,0,0.0
2022-10-26,96.43000030517578,98.30999755859375,94.69000244140625,94.93000030517578,88114100,0,0.0
2022-10-27,94.5199966430664,95.43000030517578,91.80000305175781,92.22000122070312,60710900,0,0.0
2022-10-28,92.2699966430664,96.55000305175781,92.12999725341797,96.29000091552734,43697300,0,0.0
2022-10-31,95.41999816894531,96.02999877929688,93.9800033569336,94.51000213623047,31675000,0,0.0
2022-11-01,95.44999694824219,96.02999877929688,90.37000274658203,90.47000122070312,47161400,0,0.0
2022-11-02,90.94000244140625,91.18000030517578,86.87999725341797,86.97000122070312,57038300,0,0.0
2022-11-03,86.31999969482422,86.5199966430664,83.33999633789062,83.43000030517578,61288000,0,0.0
2022-11-04,85.4000015258789,86.63999938964844,83.70999908447266,86.58000183105469,51124900,0,0.0
2022-11-07,87.27999877929688,88.9000015258789,86.8499984741211,88.48999786376953,34078900,0,0.0
2022-11-08,88.9000015258789,90.31999969482422,87.58999633789062,88.9000015258789,30429000,0,0.0
2022-11-09,88.44999694824219,89.44000244140625,87.27999877929688,87.31999969482422,31769100,0,0.0
2022-11-10,92.25,94.38999938964844,91.61000061035156,93.94000244140625,51620100,0,0.0
2022-11-11,94.69000244140625,96.93000030517578,93.91999816894531,96.41000366210938,33090500,0,0.0
2022-11-14,95.08999633789062,96.79000091552734,94.51000213623047,95.69999694824219,30179500,0,0.0
2022-11-15,98.26000213623047,100.13999938964844,96.70999908447266,98.44000244140625,41640800,0,0.0
2022-11-16,97.9000015258789,99.63999938964844,97.63999938964844,98.8499984741211,29105200,0,0.0
2022-11-17,96.97000122070312,99.27999877929688,96.79000091552734,98.36000061035156,26052600,0,0.0
2022-11-18,98.7699966430664,98.9000015258789,96.37000274658203,97.43000030517578,28342300,0,0.0
2022-11-21,97.29000091552734,98.4000015258789,95.36000061035156,95.5999984741211,21647400,0,0.0
2022-11-22,95.94999694824219,97.22000122070312,94.05000305175781,97.05000305175781,23438500,0,0.0
2022-11-23,97.08999633789062,98.76000213623047,97.08999633789062,98.45999908447266,18868100,0,0.0
2022-11-25,98.23999786376953,98.63999938964844,97.4000015258789,97.45999908447266,9701400,0,0.0
2022-11-28,97.04000091552734,97.58000183105469,95.61000061035156,96.05000305175781,26237500,0,0.0
2022-11-29,95.7300033569336,96.12000274658203,94.11000061035156,95.19000244140625,20061700,0,0.0
2022-11-30,94.81999969482422,101.04000091552734,94.41999816894531,100.98999786376953,43647500,0,0.0
2022-12-01,101.0199966430664,102.25,100.25,100.98999786376953,28687100,0,0.0
2022-12-02,99.05000305175781,100.7699966430664,98.9000015258789,100.44000244140625,21480700,0,0.0
2022-12-05,99.4000015258789,101.37999725341797,99.0,99.4800033569336,24405100,0,0.0
2022-12-06,99.30000305175781,99.77999877929688,96.41999816894531,96.9800033569336,24910700,0,0.0
2022-12-07,96.41000366210938,96.87999725341797,94.72000122070312,94.94000244140625,31045400,0,0.0
2022-12-08,95.37999725341797,95.58000183105469,93.44999694824219,93.70999908447266,32213300,0,0.0
2022-12-09,93.7699966430664,94.26000213623047,92.75,92.83000183105469,28225400,0,0.0
2022-12-12,92.70999908447266,93.55999755859375,91.61000061035156,93.30999755859375,29420000,0,0.0
2022-12-13,97.76000213623047,99.52999877929688,95.02999877929688,95.62999725341797,40593700,0,0.0
2022-12-14,95.19999694824219,96.87000274658203,93.5999984741211,95.06999969482422,28733600,0,0.0
2022-12-15,93.12999725341797,93.63999938964844,90.01000213623047,90.86000061035156,40107000,0,0.0
2022-12-16,90.76000213623047,91.33000183105469,89.5199966430664,90.26000213623047,58011800,0,0.0
2022-12-19,90.26000213623047,90.55999755859375,88.20999908447266,88.44000244140625,29493000,0,0.0
2022-12-20,88.11000061035156,89.18000030517578,87.44000244140625,89.0199966430664,23453800,0,0.0
2022-12-21,89.08000183105469,90.22000122070312,88.31999969482422,89.58000183105469,24745600,0,0.0
2022-12-22,88.16000366210938,88.54000091552734,86.31999969482422,87.76000213623047,27658300,0,0.0
2022-12-23,87.11000061035156,89.55000305175781,87.06999969482422,89.2300033569336,23003000,0,0.0
2022-12-27,88.80000305175781,88.94000244140625,87.01000213623047,87.38999938964844,20097300,0,0.0
2022-12-28,86.9800033569336,88.04000091552734,85.94000244140625,86.0199966430664,19523200,0,0.0
2022-12-29,86.62000274658203,88.8499984741211,86.61000061035156,88.44999694824219,23333500,0,0.0
2022-12-30,86.9800033569336,88.30000305175781,86.56999969482422,88.2300033569336,23964900,0,0.0
2023-01-03,89.58999633789062,91.05000305175781,88.5199966430664,89.12000274658203,28131200,0,0.0
2023-01-04,90.3499984741211,90.6500015258789,87.2699966430664,88.08000183105469,34854800,0,0.0
2023-01-05,87.47000122070312,87.56999969482422,85.9000015258789,86.19999694824219,27194400,0,0.0
2023-01-06,86.79000091552734,87.69000244140625,84.86000061035156,87.33999633789062,41362500,0,0.0
2023-01-09,88.36000061035156,90.05000305175781,87.86000061035156,88.0199966430664,29003900,0,0.0
2023-01-10,85.9800033569336,88.66999816894531,85.83000183105469,88.41999816894531,30467800,0,0.0
2023-01-11,89.18000030517578,91.5999984741211,89.01000213623047,91.5199966430664,26862000,0,0.0
2023-01-12,91.4800033569336,91.87000274658203,89.75,91.12999725341797,30258100,0,0.0
2023-01-13,90.8499984741211,92.19000244140625,90.12999725341797,92.12000274658203,26309900,0,0.0
2023-01-17,92.05999755859375,92.25,90.05000305175781,91.29000091552734,32602400,0,0.0
2023-01-18,92.13999938964844,92.80000305175781,90.63999938964844,91.12000274658203,29116700,0,0.0
2023-01-19,90.72000122070312,93.61000061035156,90.62999725341797,93.05000305175781,37000400,0,0.0
2023-01-20,95.0999984741211,98.30000305175781,95.0199966430664,98.0199966430664,63037300,0,0.0
2023-01-23,97.94999694824219,100.04000091552734,97.5,99.79000091552734,40005100,0,0.0
2023-01-24,98.0999984741211,99.61000061035156,97.19999694824219,97.69999694824219,33078500,0,0.0
2023-01-25,95.56999969482422,96.16000366210938,93.76000213623047,95.22000122070312,42330000,0,0.0
2023-01-26,96.5,97.56999969482422,95.37999725341797,97.5199966430664,30114000,0,0.0
2023-01-27,97.30999755859375,100.31999969482422,97.30999755859375,99.37000274658203,33850200,0,0.0
